1	1680022
2	115603
3	42675
4	22637
5	14113
6	9664
7	7318
8	5502
9	4447
10	3756
11	3098
12	2495
13	2199
14	2047
15	1656
16	1513
17	1371
18	1178
19	1064
20	977
21	876
22	858
23	727
24	701
25	627
26	583
27	544
28	531
29	496
30	458
31	425
32	408
33	357
34	392
35	327
36	312
37	325
38	290
39	285
40	254
41	235
42	243
43	211
44	197
45	228
46	209
47	188
48	197
49	178
50	185
51	144
52	141
53	159
54	149
55	117
56	122
57	142
58	105
59	116
60	106
61	131
62	102
63	115
64	93
65	96
66	100
67	92
68	100
69	87
70	99
71	80
72	88
73	60
74	79
75	73
76	97
77	79
78	71
79	76
80	60
81	63
82	53
83	57
84	71
85	58
86	68
87	59
88	53
89	43
90	53
91	44
92	53
93	51
94	46
95	48
96	44
97	47
98	37
99	54
100	43
101	45
102	49
103	51
104	35
105	42
106	56
107	27
108	45
109	32
110	44
111	36
112	40
113	37
114	34
115	29
116	25
117	39
118	20
119	32
120	26
121	35
122	27
123	24
124	28
125	33
126	31
127	23
128	22
129	29
130	18
131	33
132	23
133	26
134	30
135	19
136	24
137	21
138	20
139	28
140	24
141	20
142	19
143	24
144	27
145	19
146	20
147	19
148	22
149	17
150	25
151	26
152	27
153	16
154	16
155	29
156	17
157	14
158	24
159	13
160	13
161	15
162	22
163	17
164	23
165	14
166	19
167	13
168	19
169	16
170	18
171	25
172	14
173	17
174	13
175	7
176	8
177	15
178	11
179	17
180	18
181	24
182	11
183	11
184	16
185	12
186	9
187	10
188	10
189	12
190	11
191	13
192	8
193	14
194	14
195	16
196	11
197	12
198	13
199	10
200	14
201	10
202	11
203	13
204	8
205	12
206	16
207	14
208	23
209	15
210	15
211	5
212	11
213	11
214	13
215	7
216	9
217	18
218	13
219	10
220	9
221	11
222	7
223	7
224	8
225	9
226	3
227	15
228	9
229	7
230	13
231	7
232	6
233	11
234	8
235	6
236	14
237	8
238	6
239	4
240	5
241	4
242	7
243	10
244	6
245	7
246	6
247	6
248	8
249	9
250	1
251	7
252	4
253	7
254	9
255	8
256	1
257	6
258	4
259	7
260	6
261	10
262	2
263	5
264	8
265	5
266	3
267	7
268	7
269	6
270	6
271	7
272	12
273	3
274	7
275	5
276	3
277	5
278	2
279	5
280	7
281	5
282	6
283	9
284	7
285	6
286	8
287	5
288	6
289	5
290	7
291	5
292	4
293	2
294	4
295	3
296	8
297	7
298	5
299	4
300	6
301	1
302	4
303	8
304	1
305	4
306	2
307	3
308	4
309	7
310	4
311	2
312	2
313	7
314	1
315	6
316	3
317	2
318	7
319	3
320	3
321	4
322	2
324	7
325	2
326	3
327	2
328	2
329	6
330	4
331	5
332	4
334	5
335	3
336	3
337	1
338	1
339	3
340	5
341	2
342	1
343	5
344	6
345	1
346	5
347	2
348	6
349	6
350	4
351	2
352	6
353	3
354	3
355	4
356	1
357	4
358	4
359	3
360	6
361	4
362	2
363	1
364	4
365	1
366	4
367	4
368	2
369	3
370	2
371	4
372	4
374	5
375	2
376	6
377	4
378	4
379	1
380	2
381	3
382	2
383	4
384	2
385	4
386	2
387	3
388	2
389	3
390	4
392	3
393	4
394	3
395	2
396	7
397	4
398	4
400	4
401	2
402	1
403	5
404	5
405	3
406	4
407	1
408	4
409	2
410	2
411	2
412	1
413	2
414	2
415	3
416	5
417	3
418	5
419	1
420	2
421	2
422	3
423	6
424	4
425	1
427	4
428	1
429	2
430	2
431	6
432	3
433	2
434	3
435	6
436	1
437	3
439	2
440	2
441	4
442	3
443	4
444	5
445	2
447	4
448	4
449	3
450	5
451	2
452	3
453	1
454	3
455	3
456	2
459	5
461	3
463	3
464	3
465	3
466	2
467	4
468	3
470	2
471	1
472	2
473	2
475	1
476	1
478	4
479	2
480	1
482	3
484	3
485	4
486	1
487	1
489	3
490	1
493	1
494	2
495	2
498	4
499	2
500	1
501	3
502	3
504	1
507	4
508	1
510	5
511	1
512	5
513	2
515	1
516	1
517	1
518	2
520	1
521	1
523	3
524	2
525	2
526	2
527	4
528	1
530	3
531	1
532	2
533	3
534	1
535	2
536	2
537	1
538	2
539	2
540	1
541	1
542	1
543	3
544	1
545	2
546	1
547	5
548	4
550	2
551	1
554	1
556	1
558	2
559	1
560	2
561	1
562	2
563	2
566	3
567	1
568	1
569	3
571	1
572	1
573	2
574	1
575	2
578	3
579	2
580	1
581	1
582	1
583	1
584	1
585	1
587	1
588	2
589	1
593	1
594	1
595	2
596	2
597	3
598	1
599	3
600	1
601	1
602	1
603	2
604	1
605	1
606	2
607	1
609	3
610	3
611	1
613	3
616	1
618	1
619	2
622	2
623	1
624	3
630	1
631	1
632	1
633	2
635	2
636	2
639	2
640	3
641	1
644	1
646	2
647	2
648	1
649	2
650	1
651	2
652	1
653	2
654	2
656	1
657	1
658	1
659	1
660	4
661	1
662	1
664	2
666	1
667	2
668	1
674	1
676	1
678	1
682	2
684	1
685	2
687	1
688	2
689	1
691	1
692	2
693	2
694	1
695	1
696	2
697	1
699	1
700	2
701	1
702	1
703	1
705	2
708	1
710	1
711	1
713	1
714	1
715	1
717	1
718	1
720	3
721	1
723	1
724	1
725	1
726	1
727	1
729	1
730	1
731	1
732	1
733	2
734	1
739	1
743	2
745	1
746	1
747	2
748	2
750	2
753	1
757	2
761	2
763	3
765	1
768	1
769	1
771	1
773	2
775	2
778	3
779	1
780	1
781	1
782	1
783	1
784	2
788	1
789	2
793	1
794	1
795	3
797	3
800	2
804	1
805	2
806	1
808	3
809	1
810	1
812	1
815	1
817	1
823	1
824	1
826	1
827	3
828	2
829	1
830	2
833	1
836	1
840	1
841	1
842	1
847	2
849	3
851	1
853	1
855	2
857	1
858	1
859	3
860	1
862	1
864	3
865	1
867	1
868	1
873	1
880	1
882	2
884	2
886	1
887	1
889	2
891	1
892	1
893	1
895	1
902	1
904	2
906	1
907	3
908	2
909	1
913	1
917	1
918	1
920	2
925	1
931	1
932	1
934	1
935	1
936	1
937	2
939	2
940	1
942	3
943	1
945	1
947	1
950	1
952	1
953	1
958	1
959	1
960	1
963	1
964	1
965	1
967	1
968	1
972	3
977	1
978	1
981	1
983	1
984	1
985	2
989	2
990	1
992	1
998	1
999	2
1002	1
1003	1
1005	1
1006	1
1010	1
1014	1
1015	1
1016	1
1025	1
1026	1
1031	2
1034	1
1037	1
1038	1
1040	1
1041	1
1043	1
1045	1
1050	1
1051	2
1053	1
1058	1
1059	1
1061	1
1062	1
1070	1
1071	1
1073	2
1075	1
1077	1
1080	1
1083	1
1089	2
1092	1
1097	1
1101	2
1102	1
1106	3
1111	1
1114	1
1115	1
1116	1
1118	2
1120	1
1121	1
1122	1
1126	1
1138	1
1139	1
1145	1
1149	1
1155	2
1162	1
1163	1
1164	1
1170	2
1174	1
1177	2
1179	2
1188	1
1191	1
1194	1
1198	1
1199	1
1200	1
1206	1
1209	1
1211	1
1212	1
1213	1
1217	1
1219	1
1224	1
1228	1
1239	1
1259	1
1261	1
1266	1
1267	1
1270	1
1272	1
1277	1
1278	1
1294	2
1319	1
1320	1
1328	1
1337	1
1352	1
1354	1
1355	1
1364	1
1368	1
1370	1
1379	1
1380	1
1382	1
1385	1
1386	1
1390	3
1392	1
1396	2
1399	1
1407	1
1408	1
1429	1
1433	1
1436	1
1442	1
1444	1
1462	2
1465	1
1467	1
1475	1
1498	1
1511	1
1513	1
1515	1
1518	1
1519	1
1521	1
1535	2
1550	1
1551	1
1555	1
1558	2
1576	1
1584	1
1593	2
1595	1
1618	1
1621	1
1625	1
1626	1
1632	1
1639	1
1646	1
1664	1
1666	1
1668	1
1669	1
1671	1
1678	1
1684	1
1685	1
1694	1
1695	1
1698	1
1719	1
1723	1
1742	1
1743	1
1750	1
1770	1
1786	1
1787	1
1800	1
1801	1
1807	1
1821	1
1835	1
1845	2
1870	1
1886	1
1892	1
1897	1
1915	1
1920	1
1923	1
1930	1
1943	1
1950	1
1958	1
1971	1
2013	1
2035	1
2043	1
2045	1
2063	1
2071	1
2072	1
2095	1
2097	1
2146	1
2162	1
2164	1
2173	1
2175	1
2208	2
2244	2
2250	1
2277	1
2278	1
2296	1
2328	1
2341	1
2349	1
2351	1
2364	1
2374	1
2397	1
2403	1
2434	1
2484	1
2494	1
2503	1
2509	1
2533	1
2548	1
2587	1
2593	1
2604	1
2616	1
2627	1
2636	1
2645	1
2683	1
2700	1
2701	1
2753	1
2754	1
2871	1
2878	1
2954	1
3038	1
3061	1
3092	1
3155	1
3185	1
3190	1
3258	1
3289	1
3294	1
3329	1
3421	1
3458	1
3473	1
3481	1
3519	1
3647	1
3891	1
3954	1
4007	1
4036	1
4046	1
4092	1
4219	1
4235	1
4340	1
4427	1
4482	1
4515	1
4547	1
4558	1
4623	1
4673	1
4716	1
4756	1
4798	1
4986	1
5111	1
5199	1
5221	1
5302	1
5488	1
5492	1
5582	1
5585	1
5794	1
5867	1
5885	1
6205	1
7409	1
7445	1
7584	1
7659	1
7722	1
7963	1
8021	1
8409	1
9213	1
9498	1
10106	1
10323	1
10817	1
11099	1
11394	1
12902	1
13297	1
14208	1
14268	1
14351	1
16186	1
21823	1
24805	1
41706	1
54026	1
