0 0 0 0 0 0 0 0 0 0
0.0164783 0 0 0 0 0 0 0 0 0
0.0164783 0.0406237 0 0 0 0 0 0 0 0
0.0164783 0.0406237 0.128081 0 0 0 0 0 0 0
0.0164783 0.0406237 0.128081 0.0386214 0 0 0 0 0 0
0.0164783 0.0406237 0.128081 0.0386214 0.0144057 0 0 0 0 0
0.0164783 0.0406237 0.128081 0.0386214 0.0144057 0.00375234 0 0 0 0
0.0164783 0.0406237 0.128081 0.0386214 0.0144057 0.00375234 0.00899923 0 0 0
0.0164783 0.0406237 0.128081 0.0386214 0.0144057 0.00375234 0.00899923 0.00637398 0 0
0.0164783 0.0406237 0.128081 0.0386214 0.0144057 0.00375234 0.00899923 0.00637398 0.00714457 0
