0 0 0 0 0 0 0 0 0 0
0.0002927 0 0 0 0 0 0 0 0 0
0.0002927 0.000447291 0 0 0 0 0 0 0 0
0.0002927 0.000447291 0.00142348 0 0 0 0 0 0 0
0.0002927 0.000447291 0.00142348 0.00112015 0 0 0 0 0 0
0.0002927 0.000447291 0.00142348 0.00112015 0.000601388 0 0 0 0 0
0.0002927 0.000447291 0.00142348 0.00112015 0.000601388 0.00121757 0 0 0 0
0.0002927 0.000447291 0.00142348 0.00112015 0.000601388 0.00121757 0.00115246 0 0 0
0.0002927 0.000447291 0.00142348 0.00112015 0.000601388 0.00121757 0.00115246 0.000994688 0 0
0.0002927 0.000447291 0.00142348 0.00112015 0.000601388 0.00121757 0.00115246 0.000994688 0.000628517 0
