0 0 0 0 0 0 0 0 0 0
3.60504e+08 0 0 0 0 0 0 0 0 0
3.60504e+08 3.59527e+08 0 0 0 0 0 0 0 0
3.60504e+08 3.59527e+08 3.6544e+08 0 0 0 0 0 0 0
3.60504e+08 3.59527e+08 3.6544e+08 3.64232e+08 0 0 0 0 0 0
3.60504e+08 3.59527e+08 3.6544e+08 3.64232e+08 1.81288e+08 0 0 0 0 0
3.60504e+08 3.59527e+08 3.6544e+08 3.64232e+08 1.81288e+08 4.06592e+07 0 0 0 0
3.60504e+08 3.59527e+08 3.6544e+08 3.64232e+08 1.81288e+08 4.06592e+07 1.39784e+08 0 0 0
3.60504e+08 3.59527e+08 3.6544e+08 3.64232e+08 1.81288e+08 4.06592e+07 1.39784e+08 1.61497e+08 0 0
3.60504e+08 3.59527e+08 3.6544e+08 3.64232e+08 1.81288e+08 4.06592e+07 1.39784e+08 1.61497e+08 1.615e+08 0
