0 0 0 0 0 0 0 0 0 0
6694.65 0 0 0 0 0 0 0 0 0
6694.65 33098.8 0 0 0 0 0 0 0 0
6694.65 33098.8 76380.4 0 0 0 0 0 0 0
6694.65 33098.8 76380.4 42483 0 0 0 0 0 0
6694.65 33098.8 76380.4 42483 3.45065e+06 0 0 0 0 0
6694.65 33098.8 76380.4 42483 3.45065e+06 4.28082e+06 0 0 0 0
6694.65 33098.8 76380.4 42483 3.45065e+06 4.28082e+06 3.41612e+06 0 0 0
6694.65 33098.8 76380.4 42483 3.45065e+06 4.28082e+06 3.41612e+06 1.95158e+06 0 0
6694.65 33098.8 76380.4 42483 3.45065e+06 4.28082e+06 3.41612e+06 1.95158e+06 3.00637e+06 0
