0 0 0 0 0 0 0 0 0 0
0.97869 0 0 0 0 0 0 0 0 0
0.97869 0.976386 0 0 0 0 0 0 0 0
0.97869 0.976386 0.992079 0 0 0 0 0 0 0
0.97869 0.976386 0.992079 0.988322 0 0 0 0 0 0
0.97869 0.976386 0.992079 0.988322 0.506983 0 0 0 0 0
0.97869 0.976386 0.992079 0.988322 0.506983 0.137865 0 0 0 0
0.97869 0.976386 0.992079 0.988322 0.506983 0.137865 0.387702 0 0 0
0.97869 0.976386 0.992079 0.988322 0.506983 0.137865 0.387702 0.402175 0 0
0.97869 0.976386 0.992079 0.988322 0.506983 0.137865 0.387702 0.402175 0.406594 0
