0 0 0 0 0 0 0 0 0 0
0.264731 0 0 0 0 0 0 0 0 0
0.264731 0.481021 0 0 0 0 0 0 0 0
0.264731 0.481021 0.705538 0 0 0 0 0 0 0
0.264731 0.481021 0.705538 0.403254 0 0 0 0 0 0
0.264731 0.481021 0.705538 0.403254 0.23201 0 0 0 0 0
0.264731 0.481021 0.705538 0.403254 0.23201 0.194611 0 0 0 0
0.264731 0.481021 0.705538 0.403254 0.23201 0.194611 0.168703 0 0 0
0.264731 0.481021 0.705538 0.403254 0.23201 0.194611 0.168703 0.219558 0 0
0.264731 0.481021 0.705538 0.403254 0.23201 0.194611 0.168703 0.219558 0.160113 0
