0 0 0 0 0 0 0 0 0 0
4.7245e+08 0 0 0 0 0 0 0 0 0
4.7245e+08 4.71339e+08 0 0 0 0 0 0 0 0
4.7245e+08 4.71339e+08 4.7891e+08 0 0 0 0 0 0 0
4.7245e+08 4.71339e+08 4.7891e+08 4.77097e+08 0 0 0 0 0 0
4.7245e+08 4.71339e+08 4.7891e+08 4.77097e+08 2.46382e+08 0 0 0 0 0
4.7245e+08 4.71339e+08 4.7891e+08 4.77097e+08 2.46382e+08 7.30482e+07 0 0 0 0
4.7245e+08 4.71339e+08 4.7891e+08 4.77097e+08 2.46382e+08 7.30482e+07 1.9249e+08 0 0 0
4.7245e+08 4.71339e+08 4.7891e+08 4.77097e+08 2.46382e+08 7.30482e+07 1.9249e+08 1.99752e+08 0 0
4.7245e+08 4.71339e+08 4.7891e+08 4.77097e+08 2.46382e+08 7.30482e+07 1.9249e+08 1.99752e+08 2.00084e+08 0
