CODE0001.002	-0.111667	-2.68	39.4167	58
CODE0001.005	-0.0908333	-2.18	38.75	58
CODE0001.113	0	0	38.6667	58
CODE0001.191	0	0	38.5833	58
CODE0003.061	0	0	38.5417	58
CODE0003.062	0	0	38.375	58
CODE0003.101	0	0	38.375	58
CODE0003.176	0	0	38.375	58
CODE0004.155	0	0	38.3333	58
CODE0006.053	0	0	38.2917	58
CODE0009.007	0	0	37.875	58
CODE0014.044	0	0	36.9167	58
CODE0014.052	0	0	36.8333	58
CODE0021.101	0	0	36.7083	58
CODE0406.053	0	0	36.6667	58
CODE0418.044	0	0	36.4167	58
CODE0481.081	0	0	36.4167	58
CODE0481.083	0	0	36.3333	58
CODE0481.093	0	0	36.3333	58
CODE0481.107	0	0	36.1667	56
CODE0483.028	0	0	36.125	56
CODE0489.047	0	0	35.9583	56
CODE0609.051	0	0	35.625	56
CODE0678.063	0	0	35.4583	52
CODE0797.044	0	0	35.4583	52
CODE0797.045	0	0	35.3333	52
CODE0797.062	0	0	35.2083	52
CODE2037.089	0	0	35	44
CODE2057.152	0	0	35	44
CODE2062.044	0	0	34.875	44
CODE2315.086	0	0	34.25	44
CODE2315.128	0	0	34.125	44
