Coverage	Frequency	Reads
1	3671	3671
2	1642	6955
3	887	9616
4	550	11816
5	457	14101
6	359	16255
7	302	18369
8	305	20809
9	206	22663
10	195	24613
11	184	26637
12	164	28605
13	178	30919
14	159	33145
15	149	35380
16	142	37652
17	119	39675
18	123	41889
19	90	43599
20	94	45479
21	119	47978
22	92	50002
23	91	52095
24	85	54135
25	80	56135
26	100	58735
27	76	60787
28	87	63223
29	86	65717
30	97	68627
31	69	70766
32	83	73422
33	67	75633
34	71	78047
35	71	80532
36	71	83088
37	76	85900
38	58	88104
39	66	90678
40	73	93598
41	52	95730
42	55	98040
43	50	100190
44	49	102346
45	58	104956
46	57	107578
47	46	109740
48	51	112188
49	54	114834
50	63	117984
51	62	121146
52	61	124318
53	64	127710
54	44	130086
55	50	132836
56	58	136084
57	55	139219
58	46	141887
59	36	144011
60	36	146171
61	49	149160
62	48	152136
63	45	154971
64	46	157915
65	41	160580
66	61	164606
67	48	167822
68	47	171018
69	47	174261
70	36	176781
71	40	179621
72	49	183149
73	44	186361
74	38	189173
75	42	192323
76	37	195135
77	51	199062
78	38	202026
79	36	204870
80	38	207910
81	24	209854
82	45	213544
83	33	216283
84	39	219559
85	49	223724
86	36	226820
87	41	230387
88	32	233203
89	38	236585
90	34	239645
91	32	242557
92	32	245501
93	37	248942
94	37	252420
95	38	256030
96	38	259678
97	36	263170
98	29	266012
99	27	268685
100	36	272285
101	41	276426
102	40	280506
103	32	283802
104	33	287234
105	32	290594
106	37	294516
107	33	298047
108	33	301611
109	30	304881
110	38	309061
111	39	313390
112	38	317646
113	49	323183
114	25	326033
115	34	329943
116	24	332727
117	36	336939
118	28	340243
119	29	343694
120	30	347294
121	28	350682
122	26	353854
123	32	357790
124	23	360642
125	23	363517
126	31	367423
127	34	371741
128	42	377117
129	35	381632
130	26	385012
131	25	388287
132	30	392247
133	26	395705
134	32	399993
135	27	403638
136	35	408398
137	29	412371
138	33	416925
139	26	420539
140	18	423059
141	28	427007
142	28	430983
143	37	436274
144	32	440882
145	24	444362
146	30	448742
147	35	453887
148	24	457439
149	21	460568
150	29	464918
151	34	470052
152	27	474156
153	26	478134
154	18	480906
155	18	483696
156	26	487752
157	30	492462
158	22	495938
159	28	500390
160	37	506310
161	29	510979
162	31	516001
163	27	520402
164	19	523518
165	30	528468
166	20	531788
167	17	534627
168	18	537651
169	17	540524
170	21	544094
171	25	548369
172	28	553185
173	28	558029
174	26	562553
175	21	566228
176	26	570804
177	31	576291
178	33	582165
179	27	586998
180	25	591498
181	36	598014
182	28	603110
183	26	607868
184	26	612652
185	20	616352
186	24	620816
187	22	624930
188	24	629442
189	12	631710
190	23	636080
191	34	642574
192	25	647374
193	24	652006
194	27	657244
195	25	662119
196	35	668979
197	20	672919
198	21	677077
199	22	681455
200	19	685255
201	13	687868
202	17	691302
203	20	695362
204	20	699442
205	11	701697
206	17	705199
207	29	711202
208	13	713906
209	20	718086
210	11	720396
211	16	723772
212	22	728436
213	26	733974
214	22	738682
215	29	744917
216	17	748589
217	25	754014
218	23	759028
219	18	762970
220	20	767370
221	13	770243
222	23	775349
223	18	779363
224	19	783619
225	16	787219
226	29	793773
227	28	800129
228	17	804005
229	17	807898
230	21	812728
231	20	817348
232	15	820828
233	10	823158
234	18	827370
235	16	831130
236	15	834670
237	16	838462
238	22	843698
239	21	848717
240	22	853997
241	24	859781
242	23	865347
243	18	869721
244	21	874845
245	21	879990
246	22	885402
247	16	889354
248	14	892826
249	33	901043
250	25	907293
251	20	912313
252	17	916597
253	22	922163
254	23	928005
255	16	932085
256	18	936693
257	10	939263
258	16	943391
259	27	950384
260	15	954284
261	18	958982
262	23	965008
263	20	970268
264	11	973172
265	16	977412
266	23	983530
267	18	988336
268	23	994500
269	22	1000418
270	16	1004738
271	24	1011242
272	15	1015322
273	15	1019417
274	18	1024349
275	25	1031224
276	22	1037296
277	15	1041451
278	21	1047289
279	18	1052311
280	17	1057071
281	14	1061005
282	12	1064389
283	16	1068917
284	20	1074597
285	22	1080867
286	13	1084585
287	25	1091760
288	19	1097232
289	13	1100989
290	31	1109979
291	18	1115217
292	14	1119305
293	22	1125751
294	18	1131043
295	21	1137238
296	23	1144046
297	12	1147610
298	20	1153570
299	21	1159849
300	11	1163149
301	18	1168567
302	16	1173399
303	7	1175520
304	20	1181600
305	18	1187090
306	21	1193516
307	14	1197814
308	17	1203050
309	14	1207376
310	15	1212026
311	19	1217935
312	19	1223863
313	13	1227932
314	14	1232328
315	22	1239258
316	15	1243998
317	10	1247168
318	16	1252256
319	13	1256403
320	16	1261523
321	13	1265696
322	14	1270204
323	12	1274080
324	20	1280560
325	12	1284460
326	15	1289350
327	12	1293274
328	15	1298194
329	22	1305432
330	19	1311702
331	13	1316005
332	20	1322645
333	13	1326974
334	18	1332986
335	14	1337676
336	15	1342716
337	11	1346423
338	16	1351831
339	15	1356916
340	13	1361336
341	16	1366792
342	18	1372948
343	9	1376035
344	17	1381883
345	17	1387748
346	13	1392246
347	19	1398839
348	14	1403711
349	15	1408946
350	13	1413496
351	14	1418410
352	21	1425802
353	21	1433215
354	18	1439587
355	14	1444557
356	9	1447761
357	17	1453830
358	19	1460632
359	15	1466017
360	13	1470697
361	13	1475390
362	11	1479372
363	13	1484091
364	10	1487731
365	13	1492476
366	14	1497600
367	10	1501270
368	14	1506422
369	14	1511588
370	15	1517138
371	14	1522332
372	16	1528284
373	4	1529776
374	9	1533142
375	15	1538767
376	12	1543279
377	14	1548557
378	9	1551959
379	15	1557644
380	12	1562204
381	15	1567919
382	8	1570975
383	12	1575571
384	13	1580563
385	13	1585568
386	15	1591358
387	19	1598711
388	16	1604919
389	12	1609587
390	21	1617777
391	10	1621687
392	17	1628351
393	10	1632281
394	16	1638585
395	12	1643325
396	12	1648077
397	14	1653635
398	17	1660401
399	8	1663593
400	11	1667993
401	10	1672003
402	15	1678033
403	14	1683675
404	9	1687311
405	9	1690956
406	9	1694610
407	8	1697866
408	17	1704802
409	16	1711346
410	16	1717906
411	12	1722838
412	5	1724898
413	10	1729028
414	14	1734824
415	10	1738974
416	15	1745214
417	15	1751469
418	9	1755231
419	16	1761935
420	15	1768235
421	4	1769919
422	10	1774139
423	9	1777946
424	11	1782610
425	7	1785585
426	5	1787715
427	11	1792412
428	18	1800116
429	6	1802690
430	7	1805700
431	7	1808717
432	10	1813037
433	7	1816068
434	7	1819106
435	14	1825196
436	7	1828248
437	9	1832181
438	16	1839189
439	11	1844018
440	9	1847978
441	7	1851065
442	11	1855927
443	4	1857699
444	10	1862139
445	9	1866144
446	10	1870604
447	11	1875521
448	10	1880001
449	6	1882695
450	15	1889445
451	11	1894406
452	6	1897118
453	10	1901648
454	10	1906188
455	5	1908463
456	10	1913023
457	6	1915765
458	12	1921261
459	9	1925392
460	10	1929992
461	10	1934602
462	9	1938760
463	24	1949872
464	12	1955440
465	11	1960555
466	7	1963817
467	7	1967086
468	7	1970362
469	6	1973176
470	6	1975996
471	13	1982119
472	8	1985895
473	12	1991571
474	9	1995837
475	9	2000112
476	7	2003444
477	14	2010122
478	8	2013946
479	3	2015383
480	10	2020183
481	9	2024512
482	6	2027404
483	8	2031268
484	11	2036592
485	9	2040957
486	9	2045331
487	8	2049227
488	10	2054107
489	7	2057530
490	15	2064880
491	3	2066353
492	10	2071273
493	11	2076696
494	12	2082624
495	13	2089059
496	4	2091043
497	13	2097504
498	9	2101986
499	7	2105479
500	12	2111479
501	5	2113984
502	8	2118000
503	8	2122024
504	9	2126560
505	2	2127570
506	9	2132124
507	8	2136180
508	7	2139736
509	5	2142281
510	14	2149421
511	6	2152487
512	12	2158631
513	7	2162222
514	8	2166334
515	5	2168909
516	12	2175101
517	7	2178720
518	11	2184418
519	5	2187013
520	4	2189093
521	5	2191698
522	15	2199528
523	12	2205804
524	9	2210520
525	9	2215245
526	8	2219453
527	9	2224196
528	11	2230004
529	6	2233178
530	5	2235828
531	5	2238483
532	8	2242739
533	7	2246470
534	15	2254480
535	8	2258760
536	10	2264120
537	5	2266805
538	11	2272723
539	7	2276496
540	8	2280816
541	9	2285685
542	7	2289479
543	7	2293280
544	6	2296544
545	4	2298724
546	6	2302000
547	8	2306376
548	3	2308020
549	9	2312961
550	10	2318461
551	3	2320114
552	11	2326186
553	6	2329504
554	17	2338922
555	8	2343362
556	6	2346698
557	9	2351711
558	6	2355059
559	5	2357854
560	5	2360654
561	4	2362898
562	7	2366832
563	8	2371336
564	5	2374156
565	7	2378111
566	6	2381507
567	6	2384909
568	6	2388317
569	6	2391731
570	8	2396291
571	4	2398575
572	5	2401435
573	3	2403154
574	9	2408320
575	4	2410620
576	10	2416380
577	4	2418688
578	6	2422156
579	4	2424472
580	4	2426792
581	10	2432602
582	2	2433766
583	5	2436681
584	1	2437265
585	7	2441360
586	2	2442532
587	6	2446054
588	6	2449582
589	3	2451349
590	8	2456069
591	5	2459024
592	11	2465536
593	3	2467315
594	1	2467909
595	10	2473859
596	3	2475647
597	3	2477438
598	11	2484016
599	4	2486412
600	6	2490012
601	4	2492416
602	4	2494824
603	4	2497236
604	3	2499048
605	4	2501468
606	9	2506922
607	4	2509350
608	6	2512998
609	5	2516043
610	6	2519703
611	1	2520314
612	6	2523986
613	2	2525212
614	5	2528282
615	6	2531972
616	3	2533820
617	3	2535671
618	5	2538761
619	7	2543094
620	4	2545574
621	6	2549300
622	4	2551788
623	6	2555526
624	1	2556150
625	6	2559900
626	4	2562404
627	4	2564912
628	4	2567424
629	5	2570569
630	4	2573089
631	3	2574982
632	6	2578774
633	2	2580040
634	5	2583210
635	2	2584480
636	10	2590840
637	2	2592114
638	8	2597218
639	10	2603608
640	5	2606808
641	2	2608090
642	2	2609374
643	2	2610660
644	7	2615168
645	4	2617748
646	8	2622916
647	5	2626151
648	7	2630687
649	4	2633283
650	3	2635233
651	3	2637186
652	6	2641098
653	4	2643710
654	7	2648288
655	4	2650908
656	3	2652876
657	2	2654190
658	6	2658138
659	6	2662092
660	4	2664732
661	1	2665393
662	4	2668041
663	4	2670693
664	3	2672685
665	8	2678005
666	6	2682001
667	3	2684002
668	4	2686674
669	4	2689350
670	3	2691360
671	1	2692031
672	3	2694047
673	4	2696739
674	4	2699435
675	8	2704835
676	4	2707539
677	2	2708893
678	3	2710927
679	7	2715680
680	9	2721800
681	5	2725205
682	6	2729297
683	4	2732029
684	3	2734081
685	3	2736136
686	2	2737508
687	4	2740256
688	4	2743008
689	2	2744386
690	3	2746456
691	3	2748529
692	3	2750605
693	6	2754763
694	5	2758233
695	5	2761708
696	4	2764492
697	4	2767280
698	4	2770072
699	7	2774965
700	3	2777065
701	6	2781271
702	3	2783377
703	3	2785486
704	3	2787598
705	2	2789008
706	3	2791126
707	5	2794661
708	6	2798909
709	3	2801036
710	3	2803166
711	5	2806721
712	2	2808145
713	4	2810997
714	3	2813139
715	3	2815284
716	4	2818148
717	3	2820299
718	3	2822453
719	2	2823891
720	3	2826051
721	3	2828214
722	3	2830380
723	6	2834718
725	4	2837618
726	3	2839796
727	3	2841977
728	1	2842705
729	4	2845621
730	8	2851461
731	2	2852923
732	6	2857315
733	2	2858781
734	2	2860249
735	1	2860984
736	5	2864664
737	7	2869823
738	6	2874251
739	5	2877946
740	6	2882386
741	3	2884609
742	3	2886835
743	4	2889807
744	2	2891295
745	1	2892040
746	2	2893532
747	3	2895773
748	5	2899513
749	10	2907003
750	5	2910753
751	3	2913006
752	3	2915262
753	1	2916015
754	3	2918277
755	1	2919032
756	4	2922056
757	4	2925084
758	2	2926600
759	2	2928118
760	7	2933438
761	2	2934960
762	3	2937246
763	1	2938009
764	2	2939537
765	4	2942597
766	3	2944895
767	6	2949497
768	3	2951801
769	3	2954108
770	1	2954878
771	3	2957191
772	10	2964911
773	1	2965684
774	1	2966458
775	1	2967233
776	1	2968009
777	6	2972671
778	2	2974227
779	3	2976564
780	3	2978904
781	3	2981247
782	3	2983593
783	3	2985942
784	1	2986726
785	4	2989866
786	4	2993010
787	2	2994584
788	1	2995372
789	3	2997739
791	1	2998530
792	1	2999322
793	1	3000115
794	5	3004085
796	3	3006473
797	3	3008864
798	3	3011258
799	2	3012856
800	3	3015256
801	4	3018460
802	2	3020064
803	1	3020867
804	3	3023279
805	2	3024889
806	2	3026501
807	1	3027308
808	3	3029732
809	1	3030541
810	5	3034591
811	1	3035402
812	5	3039462
813	2	3041088
814	4	3044344
816	4	3047608
818	3	3050062
819	3	3052519
820	2	3054159
821	2	3055801
822	2	3057445
823	4	3060737
824	3	3063209
826	5	3067339
827	3	3069820
828	2	3071476
829	4	3074792
830	2	3076452
831	1	3077283
832	3	3079779
833	3	3082278
834	7	3088116
835	3	3090621
836	2	3092293
837	2	3093967
838	1	3094805
839	4	3098161
840	2	3099841
841	1	3100682
842	1	3101524
843	2	3103210
844	3	3105742
845	1	3106587
846	1	3107433
847	2	3109127
848	1	3109975
849	3	3112522
850	3	3115072
851	6	3120178
852	4	3123586
853	1	3124439
854	3	3127001
855	4	3130421
856	1	3131277
857	4	3134705
858	5	3138995
859	3	3141572
860	3	3144152
861	1	3145013
862	1	3145875
863	2	3147601
864	3	3150193
865	3	3152788
866	1	3153654
867	2	3155388
869	1	3156257
870	3	3158867
871	1	3159738
872	3	3162354
873	3	3164973
874	1	3165847
875	2	3167597
876	3	3170225
877	2	3171979
878	4	3175491
879	1	3176370
881	2	3178132
882	3	3180778
883	2	3182544
884	3	3185196
885	3	3187851
886	2	3189623
887	1	3190510
888	5	3194950
889	6	3200284
890	1	3201174
892	1	3202066
894	4	3205642
895	1	3206537
896	2	3208329
897	3	3211020
898	2	3212816
899	4	3216412
900	3	3219112
901	3	3221815
902	2	3223619
903	4	3227231
905	1	3228136
906	1	3229042
908	1	3229950
909	1	3230859
910	3	3233589
911	1	3234500
912	3	3237236
913	1	3238149
914	2	3239977
915	3	3242722
916	1	3243638
917	1	3244555
918	1	3245473
919	5	3250068
921	3	3252831
922	1	3253753
923	1	3254676
924	2	3256524
925	3	3259299
926	2	3261151
928	5	3265791
930	1	3266721
931	1	3267652
933	1	3268585
935	4	3272325
937	6	3277947
938	2	3279823
939	3	3282640
940	1	3283580
941	4	3287344
943	1	3288287
946	3	3291125
947	3	3293966
949	1	3294915
951	2	3296817
952	3	3299673
953	1	3300626
954	2	3302534
955	1	3303489
956	2	3305401
957	2	3307315
958	3	3310189
959	3	3313066
960	1	3314026
961	1	3314987
963	2	3316913
968	1	3317881
969	3	3320788
971	1	3321759
972	3	3324675
973	3	3327594
977	1	3328571
978	1	3329549
979	1	3330528
981	4	3334452
982	2	3336416
983	2	3338382
984	2	3340350
986	1	3341336
987	1	3342323
988	1	3343311
989	2	3345289
991	1	3346280
992	2	3348264
993	1	3349257
995	1	3350252
997	2	3352246
1000	2	3354246
1001	1	3355247
1002	1	3356249
1003	4	3360261
1006	1	3361267
1007	1	3362274
1008	1	3363282
1009	1	3364291
1010	2	3366311
1012	1	3367323
1013	2	3369349
1014	1	3370363
1015	2	3372393
1016	1	3373409
1019	1	3374428
1021	1	3375449
1022	2	3377493
1025	1	3378518
1026	1	3379544
1027	3	3382625
1028	4	3386737
1029	1	3387766
1031	3	3390859
1032	1	3391891
1033	2	3393957
1035	1	3394992
1036	2	3397064
1037	1	3398101
1038	2	3400177
1039	1	3401216
1040	2	3403296
1044	1	3404340
1045	2	3406430
1046	1	3407476
1047	1	3408523
1048	4	3412715
1049	1	3413764
1050	3	3416914
1051	1	3417965
1053	1	3419018
1054	1	3420072
1055	2	3422182
1056	1	3423238
1058	1	3424296
1062	1	3425358
1063	3	3428547
1065	1	3429612
1067	2	3431746
1068	2	3433882
1071	1	3434953
1073	2	3437099
1074	1	3438173
1076	2	3440325
1079	1	3441404
1080	1	3442484
1082	2	3444648
1083	1	3445731
1084	3	3448983
1085	1	3450068
1086	1	3451154
1089	1	3452243
1093	4	3456615
1095	1	3457710
1096	1	3458806
1098	2	3461002
1100	1	3462102
1102	1	3463204
1106	1	3464310
1107	2	3466524
1108	1	3467632
1109	2	3469850
1110	3	3473180
1111	1	3474291
1113	1	3475404
1114	1	3476518
1115	1	3477633
1116	1	3478749
1118	1	3479867
1119	1	3480986
1120	3	3484346
1121	2	3486588
1122	1	3487710
1123	1	3488833
1129	1	3489962
1132	1	3491094
1133	1	3492227
1135	1	3493362
1136	2	3495634
1137	2	3497908
1139	1	3499047
1140	2	3501327
1142	1	3502469
1144	1	3503613
1146	1	3504759
1148	1	3505907
1149	1	3507056
1152	1	3508208
1155	1	3509363
1157	1	3510520
1162	2	3512844
1163	1	3514007
1165	1	3515172
1167	3	3518673
1168	2	3521009
1170	1	3522179
1171	2	3524521
1172	1	3525693
1173	2	3528039
1174	1	3529213
1177	1	3530390
1178	1	3531568
1183	1	3532751
1184	2	3535119
1185	1	3536304
1189	2	3538682
1192	1	3539874
1193	1	3541067
1194	1	3542261
1196	1	3543457
1197	1	3544654
1199	2	3547052
1201	1	3548253
1203	1	3549456
1204	2	3551864
1207	1	3553071
1209	1	3554280
1213	2	3556706
1217	1	3557923
1219	1	3559142
1222	1	3560364
1223	1	3561587
1226	3	3565265
1229	2	3567723
1230	1	3568953
1231	1	3570184
1232	1	3571416
1235	2	3573886
1237	1	3575123
1239	1	3576362
1240	1	3577602
1243	1	3578845
1246	1	3580091
1247	2	3582585
1250	1	3583835
1251	1	3585086
1255	2	3587596
1260	1	3588856
1261	1	3590117
1263	1	3591380
1265	2	3593910
1269	1	3595179
1271	1	3596450
1273	1	3597723
1274	2	3600271
1275	1	3601546
1277	1	3602823
1278	1	3604101
1280	1	3605381
1283	1	3606664
1287	1	3607951
1289	1	3609240
1291	2	3611822
1293	1	3613115
1295	1	3614410
1297	2	3617004
1298	1	3618302
1300	3	3622202
1302	1	3623504
1303	2	3626110
1306	1	3627416
1308	1	3628724
1310	2	3631344
1315	1	3632659
1321	1	3633980
1322	1	3635302
1323	1	3636625
1329	1	3637954
1334	1	3639288
1337	1	3640625
1339	1	3641964
1340	1	3643304
1344	1	3644648
1345	1	3645993
1346	2	3648685
1348	1	3650033
1350	1	3651383
1352	2	3654087
1358	1	3655445
1361	2	3658167
1362	1	3659529
1365	1	3660894
1371	1	3662265
1372	1	3663637
1375	1	3665012
1376	1	3666388
1377	1	3667765
1380	1	3669145
1392	1	3670537
1394	2	3673325
1396	1	3674721
1397	2	3677515
1398	1	3678913
1402	2	3681717
1404	2	3684525
1411	1	3685936
1415	1	3687351
1420	1	3688771
1424	2	3691619
1425	1	3693044
1426	1	3694470
1427	1	3695897
1433	1	3697330
1440	1	3698770
1445	1	3700215
1447	1	3701662
1450	2	3704562
1452	1	3706014
1455	1	3707469
1461	1	3708930
1469	1	3710399
1480	1	3711879
1484	1	3713363
1490	1	3714853
1496	1	3716349
1499	1	3717848
1500	1	3719348
1501	1	3720849
1504	1	3722353
1509	1	3723862
1519	1	3725381
1523	1	3726904
1527	1	3728431
1543	1	3729974
1545	1	3731519
1550	1	3733069
1551	1	3734620
1554	1	3736174
1561	1	3737735
1567	2	3740869
1570	1	3742439
1572	1	3744011
1578	1	3745589
1585	1	3747174
1593	1	3748767
1596	1	3750363
1631	1	3751994
1637	2	3755268
1644	2	3758556
1683	1	3760239
1689	1	3761928
1694	1	3763622
1701	1	3765323
1703	1	3767026
1706	1	3768732
1707	1	3770439
1710	1	3772149
1711	1	3773860
1722	1	3775582
1730	1	3777312
1743	1	3779055
1745	1	3780800
1754	1	3782554
1791	1	3784345
1813	1	3786158
1816	1	3787974
1841	1	3789815
1855	1	3791670
1883	1	3793553
1897	1	3795450
1928	1	3797378
1937	1	3799315
1951	1	3801266
1957	1	3803223
1974	1	3805197
2006	2	3809209
2029	1	3811238
2053	1	3813291
2088	1	3815379
2101	1	3817480
2155	1	3819635
2274	1	3821909
