Coverage	Frequency	Reads
1	8092	8092
2	4009	16110
3	2139	22527
4	1292	27695
5	835	31870
6	662	35842
7	474	39160
8	401	42368
9	353	45545
10	267	48215
11	265	51130
12	273	54406
13	245	57591
14	226	60755
15	180	63455
16	194	66559
17	186	69721
18	159	72583
19	153	75490
20	148	78450
21	137	81327
22	156	84759
23	145	88094
24	144	91550
25	132	94850
26	121	97996
27	114	101074
28	117	104350
29	118	107772
30	107	110982
31	103	114175
32	108	117631
33	90	120601
34	67	122879
35	98	126309
36	89	129513
37	94	132991
38	97	136677
39	98	140499
40	88	144019
41	79	147258
42	63	149904
43	60	152484
44	73	155696
45	72	158936
46	75	162386
47	67	165535
48	65	168655
49	63	171742
50	61	174792
51	55	177597
52	57	180561
53	67	184112
54	51	186866
55	71	190771
56	65	194411
57	60	197831
58	65	201601
59	68	205613
60	60	209213
61	62	212995
62	48	215971
63	45	218806
64	50	222006
65	60	225906
66	43	228744
67	52	232228
68	53	235832
69	51	239351
70	37	241941
71	46	245207
72	42	248231
73	44	251443
74	27	253441
75	43	256666
76	43	259934
77	37	262783
78	50	266683
79	40	269843
80	47	273603
81	37	276600
82	51	280782
83	39	284019
84	37	287127
85	45	290952
86	27	293274
87	35	296319
88	43	300103
89	42	303841
90	43	307711
91	29	310350
92	43	314306
93	33	317375
94	46	321699
95	33	324834
96	43	328962
97	34	332260
98	32	335396
99	37	339059
100	36	342659
101	27	345386
102	33	348752
103	42	353078
104	32	356406
105	29	359451
106	32	362843
107	34	366481
108	43	371125
109	28	374177
110	24	376817
111	29	380036
112	19	382164
113	29	385441
114	41	390115
115	32	393795
116	33	397623
117	15	399378
118	33	403272
119	31	406961
120	32	410801
121	28	414189
122	33	418215
123	32	422151
124	26	425375
125	29	429000
126	25	432150
127	28	435706
128	39	440698
129	30	444568
130	28	448208
131	40	453448
132	20	456088
133	29	459945
134	24	463161
135	35	467886
136	22	470878
137	29	474851
138	21	477749
139	30	481919
140	26	485559
141	32	490071
142	27	493905
143	26	497623
144	29	501799
145	27	505714
146	22	508926
147	28	513042
148	29	517334
149	23	520761
150	22	524061
151	22	527383
152	18	530119
153	20	533179
154	35	538569
155	19	541514
156	23	545102
157	29	549655
158	22	553131
159	21	556470
160	22	559990
161	22	563532
162	19	566610
163	21	570033
164	24	573969
165	21	577434
166	27	581916
167	17	584755
168	25	588955
169	28	593687
170	24	597767
171	23	601700
172	20	605140
173	22	608946
174	16	611730
175	35	617855
176	23	621903
177	24	626151
178	30	631491
179	22	635429
180	15	638129
181	20	641749
182	14	644297
183	14	646859
184	16	649803
185	18	653133
186	27	658155
187	26	663017
188	20	666777
189	22	670935
190	19	674545
191	26	679511
192	18	682967
193	17	686248
194	25	691098
195	15	694023
196	22	698335
197	19	702078
198	22	706434
199	16	709618
200	13	712218
201	22	716640
202	20	720680
203	15	723725
204	17	727193
205	15	730268
206	17	733770
207	16	737082
208	15	740202
209	23	745009
210	21	749419
211	22	754061
212	21	758513
213	16	761921
214	16	765345
215	24	770505
216	22	775257
217	9	777210
218	17	780916
219	15	784201
220	23	789261
221	14	792355
222	15	795685
223	14	798807
224	14	801943
225	18	805993
226	13	808931
227	19	813244
228	14	816436
229	15	819871
230	15	823321
231	21	828172
232	18	832348
233	16	836076
234	27	842394
235	17	846389
236	17	850401
237	20	855141
238	17	859187
239	12	862055
240	20	866855
241	22	872157
242	12	875061
243	17	879192
244	15	882852
245	15	886527
246	18	890955
247	20	895895
248	12	898871
249	15	902606
250	24	908606
251	18	913124
252	16	917156
253	7	918927
254	19	923753
255	15	927578
256	18	932186
257	21	937583
258	12	940679
259	15	944564
260	12	947684
261	12	950816
262	18	955532
263	14	959214
264	20	964494
265	16	968734
266	18	973522
267	17	978061
268	16	982349
269	17	986922
270	13	990432
271	20	995852
272	10	998572
273	15	1002667
274	20	1008147
275	11	1011172
276	23	1017520
277	16	1021952
278	13	1025566
279	13	1029193
280	16	1033673
281	20	1039293
282	25	1046343
283	12	1049739
284	16	1054283
285	15	1058558
286	14	1062562
287	14	1066580
288	11	1069748
289	15	1074083
290	13	1077853
291	12	1081345
292	14	1085433
293	17	1090414
294	12	1093942
295	14	1098072
296	11	1101328
297	10	1104298
298	12	1107874
299	8	1110266
300	13	1114166
301	13	1118079
302	10	1121099
303	14	1125341
304	20	1131421
305	8	1133861
306	11	1137227
307	12	1140911
308	16	1145839
309	17	1151092
310	15	1155742
311	16	1160718
312	12	1164462
313	16	1169470
314	16	1174494
315	13	1178589
316	15	1183329
317	16	1188401
318	11	1191899
319	17	1197322
320	11	1200842
321	15	1205657
322	20	1212097
323	5	1213712
324	12	1217600
325	10	1220850
326	10	1224110
327	7	1226399
328	6	1228367
329	14	1232973
330	12	1236933
331	7	1239250
332	7	1241574
333	11	1245237
334	17	1250915
335	10	1254265
336	11	1257961
337	10	1261331
338	9	1264373
339	11	1268102
340	9	1271162
341	10	1274572
342	13	1279018
343	10	1282448
344	9	1285544
345	7	1287959
346	13	1292457
347	7	1294886
348	4	1296278
349	10	1299768
350	8	1302568
351	7	1305025
352	11	1308897
353	11	1312780
354	8	1315612
355	7	1318097
356	7	1320589
357	9	1323802
358	7	1326308
359	9	1329539
360	6	1331699
361	4	1333143
362	10	1336763
363	5	1338578
364	7	1341126
365	8	1344046
366	9	1347340
367	6	1349542
368	11	1353590
369	11	1357649
370	14	1362829
371	8	1365797
372	7	1368401
373	9	1371758
374	8	1374750
375	13	1379625
376	8	1382633
377	10	1386403
378	13	1391317
379	4	1392833
380	10	1396633
381	6	1398919
382	10	1402739
383	5	1404654
384	9	1408110
385	9	1411575
386	5	1413505
387	9	1416988
388	6	1419316
389	7	1422039
390	8	1425159
391	11	1429460
392	5	1431420
393	10	1435350
394	8	1438502
395	4	1440082
396	8	1443250
397	11	1447617
398	9	1451199
399	10	1455189
400	12	1459989
401	6	1462395
402	10	1466415
403	15	1472460
404	11	1476904
405	8	1480144
406	8	1483392
407	3	1484613
408	4	1486245
409	11	1490744
410	7	1493614
411	8	1496902
412	4	1498550
413	9	1502267
414	7	1505165
415	6	1507655
416	4	1509319
417	7	1512238
418	11	1516836
419	5	1518931
420	9	1522711
421	5	1524816
422	14	1530724
423	7	1533685
424	7	1536653
425	10	1540903
426	3	1542181
427	1	1542608
428	6	1545176
429	5	1547321
430	9	1551191
431	5	1553346
432	6	1555938
433	12	1561134
434	17	1568512
435	6	1571122
436	7	1574174
437	5	1576359
438	6	1578987
439	6	1581621
440	9	1585581
441	9	1589550
442	2	1590434
443	7	1593535
444	7	1596643
445	4	1598423
446	4	1600207
447	7	1603336
448	4	1605128
449	8	1608720
450	10	1613220
451	4	1615024
452	7	1618188
453	7	1621359
454	6	1624083
455	9	1628178
456	5	1630458
457	4	1632286
458	4	1634118
459	1	1634577
460	8	1638257
461	8	1641945
462	4	1643793
463	17	1651664
464	12	1657232
465	4	1659092
466	4	1660956
467	3	1662357
468	8	1666101
469	12	1671729
470	5	1674079
471	6	1676905
472	4	1678793
473	7	1682104
474	7	1685422
475	5	1687797
476	4	1689701
477	9	1693994
478	6	1696862
479	6	1699736
480	5	1702136
481	5	1704541
482	1	1705023
483	7	1708404
484	6	1711308
485	5	1713733
486	4	1715677
487	2	1716651
488	7	1720067
489	5	1722512
490	5	1724962
491	3	1726435
492	6	1729387
493	9	1733824
494	4	1735800
495	6	1738770
496	4	1740754
497	5	1743239
498	7	1746725
499	5	1749220
500	6	1752220
501	2	1753222
502	4	1755230
503	3	1756739
504	4	1758755
505	4	1760775
506	3	1762293
507	6	1765335
508	8	1769399
509	6	1772453
510	2	1773473
511	6	1776539
512	2	1777563
513	7	1781154
514	1	1781668
515	8	1785788
516	3	1787336
517	6	1790438
518	3	1791992
519	5	1794587
520	2	1795627
521	3	1797190
522	3	1798756
523	9	1803463
524	2	1804511
525	1	1805036
526	5	1807666
527	1	1808193
528	5	1810833
529	1	1811362
530	5	1814012
531	6	1817198
532	3	1818794
533	2	1819860
534	5	1822530
535	1	1823065
536	5	1825745
537	5	1828430
538	1	1828968
539	4	1831124
540	1	1831664
541	5	1834369
542	7	1838163
543	1	1838706
544	1	1839250
545	3	1840885
546	2	1841977
547	6	1845259
548	6	1848547
549	5	1851292
550	3	1852942
551	4	1855146
552	7	1859010
553	6	1862328
554	4	1864544
555	6	1867874
556	3	1869542
557	6	1872884
558	4	1875116
559	5	1877911
560	5	1880711
561	9	1885760
562	2	1886884
563	6	1890262
564	2	1891390
565	4	1893650
566	1	1894216
567	6	1897618
568	2	1898754
569	4	1901030
570	3	1902740
571	5	1905595
572	5	1908455
573	4	1910747
574	2	1911895
575	1	1912470
576	2	1913622
577	3	1915353
578	1	1915931
579	2	1917089
580	3	1918829
581	3	1920572
582	3	1922318
583	4	1924650
584	3	1926402
585	3	1928157
586	6	1931673
587	7	1935782
588	2	1936958
589	3	1938725
590	2	1939905
591	2	1941087
592	6	1944639
593	3	1946418
594	2	1947606
595	1	1948201
596	6	1951777
597	5	1954762
598	6	1958350
599	3	1960147
600	2	1961347
601	6	1964953
602	3	1966759
603	2	1967965
604	2	1969173
605	2	1970383
606	5	1973413
607	3	1975234
608	5	1978274
609	4	1980710
610	5	1983760
611	3	1985593
612	2	1986817
613	6	1990495
614	2	1991723
615	3	1993568
616	1	1994184
617	2	1995418
618	5	1998508
619	2	1999746
620	1	2000366
622	3	2002232
623	3	2004101
624	3	2005973
625	4	2008473
626	4	2010977
628	5	2014117
629	1	2014746
630	2	2016006
631	2	2017268
632	2	2018532
633	4	2021064
634	2	2022332
636	2	2023604
637	4	2026152
638	1	2026790
639	1	2027429
640	5	2030629
642	1	2031271
643	3	2033200
644	1	2033844
645	3	2035779
646	2	2037071
647	3	2039012
648	3	2040956
649	2	2042254
650	2	2043554
651	3	2045507
652	2	2046811
653	3	2048770
654	5	2052040
655	4	2054660
656	2	2055972
657	4	2058600
658	2	2059916
660	2	2061236
661	2	2062558
662	3	2064544
663	3	2066533
664	2	2067861
665	5	2071186
668	1	2071854
670	1	2072524
671	2	2073866
672	2	2075210
673	5	2078575
674	2	2079923
675	3	2081948
676	2	2083300
677	3	2085331
678	3	2087365
679	4	2090081
680	3	2092121
681	2	2093483
682	1	2094165
684	2	2095533
685	2	2096903
686	2	2098275
687	3	2100336
688	3	2102400
689	2	2103778
690	2	2105158
691	1	2105849
692	2	2107233
693	3	2109312
694	1	2110006
695	1	2110701
696	1	2111397
697	2	2112791
698	2	2114187
699	2	2115585
700	5	2119085
701	2	2120487
702	3	2122593
703	3	2124702
705	2	2126112
708	1	2126820
709	2	2128238
710	4	2131078
711	5	2134633
712	3	2136769
714	1	2137483
716	4	2140347
717	6	2144649
719	1	2145368
720	1	2146088
721	5	2149693
723	1	2150416
724	2	2151864
725	2	2153314
728	2	2154770
731	1	2155501
732	3	2157697
733	1	2158430
737	1	2159167
738	4	2162119
739	1	2162858
740	1	2163598
741	2	2165080
742	1	2165822
743	2	2167308
744	1	2168052
745	3	2170287
746	2	2171779
748	1	2172527
749	2	2174025
750	3	2176275
752	1	2177027
753	1	2177780
755	2	2179290
756	1	2180046
757	4	2183074
758	1	2183832
760	2	2185352
762	2	2186876
763	2	2188402
764	2	2189930
766	1	2190696
768	1	2191464
769	3	2193771
770	1	2194541
771	2	2196083
772	2	2197627
776	3	2199955
777	5	2203840
778	3	2206174
782	2	2207738
784	2	2209306
785	3	2211661
786	1	2212447
789	2	2214025
790	2	2215605
792	1	2216397
793	2	2217983
794	1	2218777
796	1	2219573
798	1	2220371
801	3	2222774
802	1	2223576
803	1	2224379
806	1	2225185
807	1	2225992
808	1	2226800
809	2	2228418
815	1	2229233
817	2	2230867
818	1	2231685
819	1	2232504
820	2	2234144
823	2	2235790
824	2	2237438
825	1	2238263
827	1	2239090
828	2	2240746
831	1	2241577
832	2	2243241
834	1	2244075
836	1	2244911
837	3	2247422
840	1	2248262
847	1	2249109
848	1	2249957
849	1	2250806
850	2	2252506
851	1	2253357
854	1	2254211
855	1	2255066
856	1	2255922
857	1	2256779
858	2	2258495
859	1	2259354
860	1	2260214
863	3	2262803
864	1	2263667
866	1	2264533
867	3	2267134
870	2	2268874
873	1	2269747
874	1	2270621
877	1	2271498
878	2	2273254
879	1	2274133
880	1	2275013
881	1	2275894
883	2	2277660
888	1	2278548
889	1	2279437
891	1	2280328
893	3	2283007
894	1	2283901
899	2	2285699
900	1	2286599
902	2	2288403
907	1	2289310
909	1	2290219
910	1	2291129
912	2	2292953
914	2	2294781
917	1	2295698
919	2	2297536
923	1	2298459
927	2	2300313
930	1	2301243
933	1	2302176
937	1	2303113
938	1	2304051
941	2	2305933
943	1	2306876
944	1	2307820
948	1	2308768
950	1	2309718
951	1	2310669
952	1	2311621
953	2	2313527
961	1	2314488
963	1	2315451
966	1	2316417
968	1	2317385
969	1	2318354
970	2	2320294
974	1	2321268
977	1	2322245
978	1	2323223
989	1	2324212
992	1	2325204
993	1	2326197
994	1	2327191
995	1	2328186
1001	1	2329187
1009	1	2330196
1012	1	2331208
1014	1	2332222
1017	1	2333239
1020	2	2335279
1021	1	2336300
1029	1	2337329
1037	1	2338366
1041	1	2339407
1044	1	2340451
1045	1	2341496
1054	1	2342550
1059	1	2343609
1061	1	2344670
1072	1	2345742
1075	1	2346817
1077	1	2347894
1080	1	2348974
1088	1	2350062
1090	1	2351152
1095	1	2352247
1096	1	2353343
1097	1	2354440
1104	2	2356648
1106	1	2357754
1107	1	2358861
1108	1	2359969
1109	1	2361078
1111	1	2362189
1115	1	2363304
1118	1	2364422
1123	2	2366668
1124	1	2367792
1134	1	2368926
1138	1	2370064
1140	1	2371204
1142	1	2372346
1156	1	2373502
1160	2	2375822
1180	1	2377002
1182	1	2378184
1188	1	2379372
1200	1	2380572
1208	1	2381780
1211	1	2382991
1213	1	2384204
1220	1	2385424
1237	1	2386661
1240	1	2387901
1251	1	2389152
1277	1	2390429
1316	1	2391745
1346	1	2393091
1356	1	2394447
1372	1	2395819
1373	1	2397192
1384	1	2398576
1395	1	2399971
1397	1	2401368
1409	1	2402777
1561	1	2404338
1600	1	2405938
1629	1	2407567
1663	1	2409230
1694	1	2410924
1849	1	2412773
