# Title:27-mer spectra for: derep08.fa
# XLabel:27-mer frequency
# YLabel:# distinct 27-mers
# Kmer value:27
# Input 1:dereplicated_fasta/derep08.fa
###
1 203510906
2 30386931
3 15546736
4 10006644
5 7079629
6 5311672
7 4148881
8 3368828
9 2809176
10 2383504
11 2063917
12 1808493
13 1594803
14 1427060
15 1280077
16 1156450
17 1049267
18 960470
19 878691
20 810655
21 745969
22 688243
23 635120
24 591321
25 550415
26 510462
27 476973
28 443641
29 414032
30 387921
31 362835
32 338212
33 318537
34 299755
35 282741
36 264155
37 248649
38 234264
39 221927
40 209605
41 199661
42 190124
43 179003
44 170171
45 161084
46 152511
47 146409
48 137947
49 131464
50 125294
51 119534
52 113008
53 108724
54 104160
55 99437
56 94445
57 90330
58 87092
59 83598
60 80348
61 76464
62 73461
63 70551
64 67936
65 65536
66 63325
67 60804
68 57744
69 55820
70 53869
71 51764
72 49260
73 47180
74 45473
75 43802
76 42522
77 40677
78 39637
79 37896
80 37149
81 36028
82 34644
83 33331
84 32031
85 30830
86 29880
87 29043
88 28124
89 27305
90 25784
91 25703
92 24462
93 23911
94 23136
95 22794
96 22145
97 21472
98 20395
99 20144
100 19468
101 18797
102 18010
103 17313
104 16672
105 16560
106 16149
107 15373
108 15003
109 14743
110 14266
111 13757
112 13297
113 12734
114 12856
115 12055
116 11879
117 11612
118 11229
119 10930
120 10639
121 10393
122 10096
123 9949
124 9482
125 9477
126 8950
127 8946
128 8795
129 8415
130 8257
131 8092
132 7887
133 7703
134 7467
135 7056
136 6947
137 6965
138 6585
139 6428
140 6245
141 6066
142 5966
143 5776
144 5764
145 5549
146 5331
147 5247
148 4969
149 4928
150 4781
151 4820
152 4612
153 4603
154 4592
155 4518
156 4408
157 4339
158 4277
159 4180
160 4163
161 3998
162 3910
163 3785
164 3520
165 3493
166 3436
167 3341
168 3252
169 3100
170 3173
171 3041
172 3034
173 2992
174 2904
175 2825
176 2813
177 2747
178 2677
179 2626
180 2593
181 2597
182 2514
183 2375
184 2353
185 2283
186 2140
187 2059
188 2177
189 2046
190 2146
191 2090
192 2065
193 2058
194 2025
195 2030
196 1946
197 1836
198 1900
199 1774
200 1730
201 1746
202 1727
203 1730
204 1640
205 1657
206 1607
207 1506
208 1586
209 1484
210 1405
211 1454
212 1476
213 1424
214 1387
215 1336
216 1357
217 1333
218 1281
219 1347
220 1186
221 1187
222 1103
223 1082
224 1096
225 1120
226 1063
227 1058
228 989
229 1059
230 1020
231 1101
232 1028
233 1006
234 934
235 1045
236 985
237 976
238 949
239 947
240 887
241 941
242 993
243 964
244 917
245 935
246 885
247 890
248 928
249 804
250 849
251 883
252 830
253 839
254 855
255 781
256 759
257 742
258 736
259 758
260 732
261 696
262 687
263 709
264 673
265 726
266 715
267 705
268 747
269 727
270 699
271 646
272 702
273 631
274 690
275 638
276 678
277 640
278 615
279 671
280 681
281 636
282 634
283 603
284 613
285 590
286 631
287 606
288 574
289 600
290 520
291 561
292 572
293 505
294 502
295 525
296 501
297 507
298 475
299 534
300 504
301 491
302 526
303 511
304 460
305 515
306 445
307 477
308 434
309 453
310 459
311 449
312 470
313 443
314 460
315 457
316 447
317 442
318 434
319 431
320 411
321 388
322 359
323 372
324 389
325 380
326 359
327 410
328 390
329 383
330 363
331 352
332 386
333 366
334 362
335 337
336 383
337 329
338 370
339 333
340 337
341 351
342 317
343 340
344 307
345 368
346 379
347 314
348 335
349 361
350 329
351 316
352 323
353 325
354 325
355 341
356 343
357 328
358 305
359 308
360 335
361 347
362 334
363 315
364 305
365 363
366 327
367 330
368 288
369 300
370 260
371 277
372 315
373 298
374 308
375 282
376 306
377 311
378 313
379 277
380 258
381 283
382 278
383 295
384 277
385 276
386 283
387 290
388 273
389 250
390 265
391 241
392 279
393 249
394 219
395 283
396 249
397 213
398 261
399 255
400 265
401 236
402 234
403 237
404 264
405 259
406 259
407 217
408 261
409 241
410 242
411 235
412 241
413 219
414 221
415 247
416 263
417 247
418 249
419 230
420 230
421 234
422 268
423 266
424 240
425 221
426 212
427 227
428 224
429 216
430 223
431 234
432 253
433 221
434 210
435 207
436 234
437 224
438 227
439 203
440 213
441 224
442 176
443 210
444 189
445 200
446 195
447 202
448 202
449 190
450 171
451 169
452 178
453 202
454 200
455 194
456 192
457 199
458 210
459 170
460 187
461 182
462 184
463 163
464 184
465 172
466 162
467 181
468 172
469 191
470 145
471 177
472 160
473 174
474 173
475 190
476 160
477 159
478 163
479 197
480 168
481 173
482 170
483 165
484 190
485 173
486 165
487 182
488 170
489 177
490 183
491 176
492 153
493 191
494 173
495 175
496 187
497 183
498 166
499 173
500 159
501 180
502 165
503 179
504 163
505 159
506 173
507 155
508 152
509 158
510 142
511 160
512 134
513 158
514 167
515 158
516 141
517 172
518 173
519 143
520 145
521 154
522 159
523 153
524 148
525 131
526 140
527 144
528 141
529 145
530 138
531 166
532 144
533 162
534 153
535 143
536 160
537 148
538 133
539 146
540 148
541 142
542 130
543 166
544 171
545 137
546 141
547 135
548 132
549 121
550 132
551 144
552 140
553 133
554 121
555 133
556 136
557 135
558 137
559 159
560 130
561 121
562 143
563 129
564 148
565 143
566 128
567 139
568 148
569 126
570 142
571 135
572 128
573 132
574 127
575 123
576 111
577 130
578 114
579 132
580 128
581 127
582 101
583 159
584 135
585 122
586 130
587 121
588 151
589 128
590 149
591 104
592 110
593 126
594 127
595 120
596 123
597 113
598 101
599 108
600 114
601 111
602 135
603 111
604 119
605 110
606 113
607 99
608 108
609 98
610 100
611 101
612 106
613 109
614 117
615 88
616 106
617 102
618 91
619 109
620 94
621 100
622 112
623 94
624 103
625 94
626 103
627 98
628 82
629 96
630 105
631 86
632 93
633 110
634 106
635 110
636 114
637 102
638 92
639 100
640 78
641 91
642 104
643 79
644 76
645 95
646 103
647 92
648 92
649 93
650 81
651 78
652 82
653 93
654 75
655 86
656 85
657 83
658 95
659 84
660 78
661 72
662 91
663 78
664 70
665 81
666 93
667 85
668 91
669 81
670 79
671 92
672 92
673 87
674 86
675 86
676 80
677 80
678 84
679 81
680 64
681 89
682 84
683 90
684 100
685 85
686 101
687 83
688 68
689 91
690 97
691 82
692 83
693 73
694 68
695 70
696 76
697 74
698 85
699 84
700 61
701 76
702 77
703 88
704 73
705 66
706 80
707 76
708 68
709 76
710 76
711 73
712 75
713 80
714 88
715 73
716 78
717 94
718 70
719 69
720 73
721 65
722 74
723 71
724 82
725 87
726 90
727 89
728 81
729 67
730 71
731 73
732 68
733 76
734 81
735 76
736 78
737 66
738 66
739 68
740 62
741 83
742 80
743 73
744 73
745 74
746 80
747 73
748 70
749 69
750 73
751 79
752 68
753 67
754 63
755 84
756 65
757 72
758 58
759 62
760 65
761 67
762 64
763 66
764 59
765 69
766 59
767 78
768 80
769 67
770 62
771 63
772 55
773 59
774 40
775 75
776 59
777 53
778 64
779 68
780 55
781 79
782 63
783 55
784 61
785 59
786 78
787 80
788 62
789 64
790 59
791 57
792 49
793 72
794 50
795 63
796 72
797 63
798 62
799 71
800 59
801 51
802 76
803 69
804 61
805 56
806 61
807 67
808 72
809 56
810 69
811 65
812 74
813 59
814 60
815 70
816 61
817 54
818 62
819 76
820 74
821 71
822 55
823 71
824 61
825 59
826 61
827 61
828 56
829 50
830 66
831 72
832 73
833 56
834 70
835 55
836 57
837 53
838 60
839 44
840 51
841 42
842 50
843 44
844 57
845 54
846 54
847 44
848 51
849 55
850 37
851 51
852 53
853 65
854 52
855 56
856 65
857 57
858 51
859 65
860 52
861 44
862 62
863 52
864 49
865 62
866 47
867 59
868 58
869 51
870 48
871 47
872 65
873 63
874 57
875 58
876 42
877 55
878 62
879 63
880 55
881 53
882 63
883 56
884 63
885 54
886 46
887 56
888 61
889 56
890 68
891 50
892 54
893 48
894 50
895 50
896 47
897 67
898 52
899 55
900 58
901 52
902 47
903 60
904 44
905 53
906 50
907 50
908 45
909 47
910 45
911 50
912 44
913 33
914 46
915 36
916 55
917 43
918 37
919 54
920 47
921 56
922 52
923 48
924 43
925 57
926 55
927 43
928 61
929 65
930 66
931 45
932 46
933 46
934 56
935 40
936 49
937 41
938 65
939 51
940 50
941 61
942 48
943 49
944 38
945 57
946 46
947 58
948 46
949 58
950 61
951 55
952 50
953 62
954 39
955 54
956 73
957 61
958 51
959 61
960 49
961 44
962 51
963 51
964 55
965 47
966 45
967 50
968 29
969 50
970 45
971 51
972 35
973 32
974 45
975 38
976 51
977 48
978 48
979 51
980 46
981 45
982 54
983 41
984 43
985 43
986 42
987 44
988 40
989 35
990 57
991 48
992 52
993 54
994 46
995 34
996 38
997 40
998 37
999 53
1000 40
1001 48
1002 34
1003 38
1004 49
1005 36
1006 56
1007 37
1008 33
1009 44
1010 43
1011 44
1012 48
1013 40
1014 37
1015 37
1016 40
1017 37
1018 43
1019 48
1020 41
1021 45
1022 40
1023 30
1024 43
1025 37
1026 47
1027 34
1028 34
1029 37
1030 33
1031 37
1032 38
1033 33
1034 46
1035 34
1036 36
1037 37
1038 37
1039 37
1040 38
1041 30
1042 40
1043 39
1044 33
1045 37
1046 31
1047 42
1048 27
1049 46
1050 39
1051 37
1052 24
1053 51
1054 35
1055 26
1056 34
1057 25
1058 36
1059 43
1060 32
1061 40
1062 33
1063 31
1064 40
1065 28
1066 29
1067 36
1068 36
1069 40
1070 25
1071 26
1072 32
1073 28
1074 25
1075 39
1076 33
1077 36
1078 30
1079 27
1080 27
1081 27
1082 39
1083 40
1084 39
1085 40
1086 25
1087 39
1088 27
1089 35
1090 34
1091 33
1092 32
1093 28
1094 35
1095 29
1096 39
1097 26
1098 30
1099 27
1100 39
1101 34
1102 37
1103 19
1104 39
1105 31
1106 36
1107 31
1108 29
1109 25
1110 27
1111 28
1112 36
1113 25
1114 33
1115 37
1116 25
1117 21
1118 28
1119 40
1120 33
1121 31
1122 36
1123 24
1124 32
1125 26
1126 34
1127 23
1128 43
1129 28
1130 35
1131 24
1132 27
1133 42
1134 36
1135 28
1136 43
1137 22
1138 30
1139 29
1140 29
1141 19
1142 30
1143 21
1144 40
1145 39
1146 28
1147 46
1148 27
1149 39
1150 33
1151 30
1152 28
1153 30
1154 31
1155 21
1156 23
1157 39
1158 24
1159 19
1160 23
1161 32
1162 32
1163 30
1164 25
1165 32
1166 24
1167 33
1168 34
1169 32
1170 24
1171 27
1172 38
1173 32
1174 42
1175 36
1176 32
1177 31
1178 23
1179 34
1180 31
1181 24
1182 22
1183 30
1184 37
1185 21
1186 33
1187 26
1188 20
1189 28
1190 34
1191 25
1192 22
1193 32
1194 36
1195 26
1196 25
1197 22
1198 32
1199 28
1200 32
1201 23
1202 39
1203 28
1204 30
1205 26
1206 33
1207 36
1208 28
1209 28
1210 28
1211 25
1212 24
1213 22
1214 24
1215 19
1216 23
1217 28
1218 19
1219 22
1220 26
1221 34
1222 31
1223 27
1224 41
1225 32
1226 33
1227 31
1228 32
1229 29
1230 26
1231 33
1232 26
1233 29
1234 29
1235 27
1236 30
1237 26
1238 36
1239 24
1240 28
1241 38
1242 32
1243 29
1244 39
1245 31
1246 28
1247 24
1248 24
1249 28
1250 23
1251 21
1252 16
1253 27
1254 29
1255 34
1256 22
1257 26
1258 34
1259 18
1260 22
1261 16
1262 34
1263 27
1264 24
1265 34
1266 32
1267 19
1268 23
1269 21
1270 23
1271 23
1272 36
1273 30
1274 32
1275 25
1276 33
1277 28
1278 26
1279 24
1280 22
1281 30
1282 21
1283 18
1284 20
1285 31
1286 33
1287 16
1288 28
1289 27
1290 26
1291 34
1292 25
1293 14
1294 22
1295 34
1296 28
1297 20
1298 25
1299 22
1300 26
1301 32
1302 25
1303 27
1304 27
1305 22
1306 26
1307 32
1308 20
1309 29
1310 27
1311 29
1312 30
1313 26
1314 31
1315 21
1316 24
1317 28
1318 25
1319 20
1320 33
1321 22
1322 27
1323 31
1324 33
1325 30
1326 26
1327 34
1328 19
1329 22
1330 20
1331 23
1332 28
1333 31
1334 35
1335 22
1336 34
1337 30
1338 28
1339 22
1340 22
1341 29
1342 29
1343 24
1344 16
1345 25
1346 25
1347 29
1348 32
1349 22
1350 25
1351 22
1352 22
1353 31
1354 25
1355 26
1356 29
1357 17
1358 23
1359 23
1360 29
1361 27
1362 29
1363 17
1364 24
1365 19
1366 24
1367 23
1368 23
1369 20
1370 25
1371 17
1372 18
1373 28
1374 20
1375 30
1376 32
1377 23
1378 26
1379 20
1380 34
1381 16
1382 17
1383 23
1384 24
1385 16
1386 17
1387 27
1388 23
1389 23
1390 22
1391 26
1392 13
1393 16
1394 17
1395 20
1396 15
1397 21
1398 15
1399 16
1400 19
1401 17
1402 22
1403 20
1404 24
1405 14
1406 15
1407 27
1408 20
1409 23
1410 14
1411 16
1412 22
1413 31
1414 22
1415 19
1416 17
1417 12
1418 24
1419 18
1420 21
1421 25
1422 19
1423 23
1424 19
1425 19
1426 19
1427 22
1428 15
1429 19
1430 14
1431 21
1432 22
1433 19
1434 28
1435 12
1436 19
1437 20
1438 23
1439 16
1440 20
1441 17
1442 16
1443 24
1444 25
1445 21
1446 19
1447 22
1448 20
1449 13
1450 25
1451 23
1452 24
1453 29
1454 25
1455 26
1456 24
1457 22
1458 19
1459 30
1460 13
1461 25
1462 13
1463 23
1464 17
1465 19
1466 20
1467 25
1468 26
1469 15
1470 19
1471 21
1472 20
1473 19
1474 16
1475 22
1476 18
1477 18
1478 24
1479 21
1480 17
1481 22
1482 19
1483 20
1484 21
1485 24
1486 28
1487 22
1488 13
1489 14
1490 14
1491 20
1492 21
1493 21
1494 20
1495 22
1496 14
1497 19
1498 25
1499 22
1500 11
1501 16
1502 20
1503 20
1504 16
1505 15
1506 13
1507 15
1508 20
1509 21
1510 16
1511 15
1512 22
1513 19
1514 18
1515 16
1516 17
1517 19
1518 14
1519 15
1520 20
1521 21
1522 19
1523 15
1524 20
1525 17
1526 12
1527 13
1528 12
1529 24
1530 13
1531 16
1532 18
1533 22
1534 18
1535 22
1536 20
1537 21
1538 17
1539 13
1540 18
1541 12
1542 19
1543 13
1544 19
1545 17
1546 17
1547 18
1548 14
1549 18
1550 15
1551 21
1552 13
1553 12
1554 23
1555 18
1556 25
1557 18
1558 20
1559 13
1560 10
1561 13
1562 15
1563 18
1564 17
1565 15
1566 12
1567 17
1568 20
1569 22
1570 12
1571 18
1572 14
1573 15
1574 13
1575 16
1576 14
1577 17
1578 20
1579 8
1580 15
1581 15
1582 17
1583 19
1584 23
1585 17
1586 20
1587 20
1588 23
1589 14
1590 11
1591 14
1592 19
1593 17
1594 20
1595 23
1596 17
1597 9
1598 23
1599 16
1600 14
1601 19
1602 17
1603 18
1604 21
1605 23
1606 15
1607 21
1608 13
1609 11
1610 22
1611 15
1612 17
1613 14
1614 14
1615 11
1616 7
1617 19
1618 14
1619 16
1620 25
1621 14
1622 15
1623 18
1624 15
1625 18
1626 17
1627 15
1628 27
1629 14
1630 18
1631 16
1632 24
1633 22
1634 21
1635 18
1636 18
1637 14
1638 19
1639 14
1640 16
1641 22
1642 16
1643 24
1644 12
1645 16
1646 16
1647 11
1648 20
1649 15
1650 21
1651 19
1652 18
1653 14
1654 19
1655 17
1656 17
1657 18
1658 16
1659 13
1660 18
1661 22
1662 15
1663 16
1664 19
1665 15
1666 23
1667 11
1668 16
1669 20
1670 18
1671 15
1672 16
1673 17
1674 25
1675 13
1676 22
1677 18
1678 23
1679 15
1680 20
1681 20
1682 14
1683 20
1684 16
1685 20
1686 10
1687 17
1688 13
1689 8
1690 18
1691 12
1692 10
1693 17
1694 14
1695 27
1696 9
1697 19
1698 18
1699 14
1700 9
1701 18
1702 16
1703 15
1704 14
1705 15
1706 16
1707 11
1708 16
1709 19
1710 25
1711 17
1712 20
1713 17
1714 15
1715 15
1716 23
1717 21
1718 19
1719 9
1720 23
1721 15
1722 19
1723 13
1724 17
1725 17
1726 19
1727 11
1728 10
1729 11
1730 20
1731 15
1732 19
1733 11
1734 11
1735 15
1736 11
1737 15
1738 16
1739 15
1740 18
1741 20
1742 12
1743 10
1744 10
1745 17
1746 13
1747 17
1748 19
1749 16
1750 10
1751 16
1752 15
1753 9
1754 10
1755 10
1756 15
1757 13
1758 19
1759 9
1760 18
1761 13
1762 7
1763 15
1764 13
1765 20
1766 13
1767 18
1768 13
1769 20
1770 17
1771 21
1772 16
1773 15
1774 16
1775 12
1776 21
1777 18
1778 15
1779 20
1780 14
1781 10
1782 16
1783 15
1784 15
1785 15
1786 17
1787 17
1788 16
1789 18
1790 15
1791 14
1792 15
1793 9
1794 14
1795 18
1796 21
1797 15
1798 13
1799 11
1800 11
1801 16
1802 15
1803 13
1804 15
1805 12
1806 11
1807 11
1808 13
1809 18
1810 12
1811 15
1812 12
1813 22
1814 8
1815 15
1816 17
1817 12
1818 10
1819 18
1820 12
1821 14
1822 12
1823 17
1824 14
1825 16
1826 17
1827 14
1828 13
1829 15
1830 25
1831 17
1832 16
1833 12
1834 11
1835 12
1836 20
1837 16
1838 20
1839 12
1840 11
1841 12
1842 11
1843 15
1844 16
1845 22
1846 16
1847 20
1848 15
1849 11
1850 9
1851 16
1852 13
1853 12
1854 11
1855 11
1856 15
1857 15
1858 13
1859 15
1860 18
1861 20
1862 18
1863 16
1864 14
1865 15
1866 13
1867 8
1868 9
1869 16
1870 9
1871 19
1872 13
1873 12
1874 13
1875 10
1876 19
1877 16
1878 9
1879 13
1880 16
1881 14
1882 16
1883 15
1884 10
1885 18
1886 20
1887 11
1888 15
1889 14
1890 13
1891 10
1892 19
1893 18
1894 13
1895 17
1896 15
1897 13
1898 16
1899 20
1900 15
1901 20
1902 11
1903 13
1904 13
1905 14
1906 16
1907 6
1908 16
1909 15
1910 12
1911 14
1912 15
1913 17
1914 13
1915 18
1916 12
1917 18
1918 14
1919 11
1920 13
1921 15
1922 9
1923 20
1924 11
1925 9
1926 9
1927 15
1928 13
1929 10
1930 11
1931 20
1932 10
1933 14
1934 3
1935 13
1936 14
1937 19
1938 9
1939 13
1940 19
1941 13
1942 11
1943 12
1944 9
1945 16
1946 13
1947 19
1948 14
1949 24
1950 10
1951 15
1952 16
1953 14
1954 6
1955 17
1956 10
1957 9
1958 25
1959 13
1960 19
1961 11
1962 6
1963 12
1964 11
1965 19
1966 15
1967 13
1968 11
1969 8
1970 12
1971 11
1972 11
1973 8
1974 10
1975 12
1976 8
1977 19
1978 10
1979 12
1980 19
1981 11
1982 15
1983 14
1984 7
1985 14
1986 10
1987 16
1988 9
1989 14
1990 11
1991 10
1992 17
1993 13
1994 9
1995 13
1996 9
1997 12
1998 16
1999 7
2000 11
2001 12
2002 16
2003 13
2004 9
2005 9
2006 11
2007 20
2008 16
2009 8
2010 17
2011 10
2012 17
2013 21
2014 10
2015 15
2016 10
2017 4
2018 14
2019 9
2020 6
2021 9
2022 9
2023 10
2024 12
2025 12
2026 17
2027 15
2028 8
2029 13
2030 19
2031 12
2032 10
2033 8
2034 10
2035 14
2036 11
2037 12
2038 12
2039 15
2040 13
2041 12
2042 10
2043 15
2044 12
2045 11
2046 10
2047 10
2048 11
2049 13
2050 10
2051 11
2052 9
2053 10
2054 19
2055 12
2056 8
2057 17
2058 15
2059 14
2060 7
2061 12
2062 9
2063 7
2064 11
2065 12
2066 10
2067 13
2068 7
2069 11
2070 13
2071 10
2072 10
2073 13
2074 3
2075 16
2076 11
2077 4
2078 5
2079 6
2080 10
2081 9
2082 12
2083 12
2084 10
2085 6
2086 10
2087 9
2088 11
2089 15
2090 10
2091 12
2092 12
2093 12
2094 12
2095 11
2096 9
2097 9
2098 10
2099 14
2100 5
2101 11
2102 11
2103 16
2104 10
2105 9
2106 12
2107 8
2108 10
2109 20
2110 15
2111 18
2112 5
2113 14
2114 10
2115 9
2116 10
2117 12
2118 6
2119 14
2120 13
2121 11
2122 7
2123 11
2124 10
2125 13
2126 12
2127 13
2128 9
2129 9
2130 12
2131 11
2132 5
2133 16
2134 12
2135 8
2136 13
2137 8
2138 14
2139 10
2140 7
2141 8
2142 7
2143 12
2144 10
2145 7
2146 12
2147 10
2148 9
2149 14
2150 5
2151 6
2152 5
2153 12
2154 15
2155 7
2156 8
2157 10
2158 12
2159 7
2160 6
2161 13
2162 7
2163 7
2164 8
2165 12
2166 10
2167 10
2168 13
2169 9
2170 8
2171 9
2172 10
2173 7
2174 10
2175 6
2176 6
2177 14
2178 6
2179 6
2180 7
2181 13
2182 8
2183 14
2184 10
2185 6
2186 13
2187 11
2188 10
2189 8
2190 9
2191 3
2192 7
2193 4
2194 6
2195 7
2196 2
2197 7
2198 10
2199 12
2200 8
2201 10
2202 5
2203 4
2204 8
2205 7
2206 9
2207 11
2208 11
2209 11
2210 8
2211 9
2212 6
2213 13
2214 10
2215 10
2216 16
2217 14
2218 12
2219 6
2220 9
2221 9
2222 8
2223 17
2224 9
2225 2
2226 11
2227 11
2228 8
2229 9
2230 11
2231 4
2232 11
2233 4
2234 6
2235 14
2236 14
2237 4
2238 7
2239 9
2240 9
2241 5
2242 16
2243 14
2244 4
2245 7
2246 15
2247 5
2248 9
2249 10
2250 8
2251 16
2252 10
2253 6
2254 9
2255 8
2256 8
2257 10
2258 9
2259 11
2260 13
2261 7
2262 8
2263 11
2264 5
2265 8
2266 11
2267 7
2268 10
2269 12
2270 10
2271 11
2272 7
2273 9
2274 11
2275 8
2276 11
2277 10
2278 10
2279 7
2280 7
2281 8
2282 7
2283 12
2284 7
2285 9
2286 6
2287 11
2288 6
2289 7
2290 16
2291 6
2292 11
2293 11
2294 7
2295 5
2296 11
2297 6
2298 11
2299 9
2300 7
2301 11
2302 12
2303 8
2304 5
2305 6
2306 7
2307 11
2308 5
2309 7
2310 2
2311 7
2312 14
2313 6
2314 7
2315 8
2316 13
2317 10
2318 9
2319 8
2320 9
2321 4
2322 14
2323 13
2324 6
2325 15
2326 6
2327 5
2328 11
2329 7
2330 10
2331 16
2332 5
2333 9
2334 2
2335 9
2336 5
2337 9
2338 12
2339 3
2340 5
2341 9
2342 12
2343 10
2344 11
2345 8
2346 6
2347 8
2348 16
2349 10
2350 11
2351 12
2352 8
2353 5
2354 10
2355 13
2356 14
2357 12
2358 18
2359 6
2360 4
2361 11
2362 14
2363 10
2364 5
2365 8
2366 14
2367 11
2368 11
2369 7
2370 9
2371 10
2372 14
2373 14
2374 6
2375 15
2376 10
2377 10
2378 8
2379 15
2380 9
2381 13
2382 7
2383 9
2384 7
2385 14
2386 10
2387 14
2388 6
2389 5
2390 8
2391 11
2392 8
2393 6
2394 13
2395 7
2396 10
2397 7
2398 12
2399 7
2400 12
2401 6
2402 18
2403 3
2404 10
2405 14
2406 7
2407 4
2408 12
2409 10
2410 10
2411 8
2412 15
2413 9
2414 12
2415 17
2416 9
2417 17
2418 7
2419 11
2420 9
2421 15
2422 8
2423 8
2424 16
2425 14
2426 8
2427 8
2428 11
2429 12
2430 11
2431 6
2432 7
2433 8
2434 17
2435 10
2436 9
2437 8
2438 9
2439 14
2440 15
2441 7
2442 14
2443 10
2444 5
2445 5
2446 9
2447 5
2448 10
2449 8
2450 7
2451 14
2452 12
2453 7
2454 10
2455 12
2456 10
2457 8
2458 8
2459 12
2460 10
2461 10
2462 15
2463 5
2464 1
2465 3
2466 11
2467 5
2468 11
2469 9
2470 9
2471 8
2472 13
2473 9
2474 11
2475 9
2476 8
2477 6
2478 16
2479 10
2480 7
2481 16
2482 12
2483 13
2484 15
2485 7
2486 12
2487 11
2488 9
2489 8
2490 8
2491 7
2492 8
2493 7
2494 10
2495 12
2496 12
2497 12
2498 10
2499 8
2500 13
2501 9
2502 7
2503 7
2504 4
2505 12
2506 6
2507 15
2508 12
2509 9
2510 12
2511 6
2512 8
2513 11
2514 8
2515 11
2516 8
2517 11
2518 8
2519 11
2520 13
2521 8
2522 8
2523 9
2524 7
2525 9
2526 0
2527 7
2528 16
2529 15
2530 11
2531 11
2532 8
2533 11
2534 8
2535 6
2536 8
2537 7
2538 11
2539 6
2540 10
2541 16
2542 14
2543 8
2544 5
2545 11
2546 1
2547 5
2548 8
2549 13
2550 8
2551 8
2552 12
2553 5
2554 10
2555 10
2556 10
2557 7
2558 11
2559 5
2560 5
2561 10
2562 4
2563 10
2564 6
2565 12
2566 9
2567 11
2568 9
2569 10
2570 5
2571 7
2572 17
2573 9
2574 6
2575 10
2576 4
2577 14
2578 7
2579 8
2580 11
2581 9
2582 5
2583 11
2584 10
2585 11
2586 7
2587 7
2588 7
2589 7
2590 6
2591 11
2592 10
2593 11
2594 8
2595 4
2596 5
2597 11
2598 8
2599 16
2600 3
2601 10
2602 9
2603 11
2604 8
2605 8
2606 5
2607 5
2608 10
2609 4
2610 7
2611 11
2612 11
2613 16
2614 9
2615 12
2616 14
2617 8
2618 7
2619 9
2620 7
2621 5
2622 8
2623 6
2624 9
2625 10
2626 10
2627 10
2628 7
2629 11
2630 11
2631 13
2632 11
2633 5
2634 6
2635 5
2636 7
2637 7
2638 15
2639 14
2640 4
2641 8
2642 9
2643 6
2644 9
2645 8
2646 8
2647 6
2648 7
2649 10
2650 4
2651 12
2652 7
2653 6
2654 7
2655 2
2656 11
2657 11
2658 7
2659 13
2660 8
2661 6
2662 9
2663 7
2664 8
2665 9
2666 9
2667 2
2668 2
2669 7
2670 4
2671 10
2672 8
2673 3
2674 4
2675 10
2676 8
2677 7
2678 11
2679 5
2680 7
2681 6
2682 2
2683 8
2684 4
2685 2
2686 4
2687 10
2688 7
2689 9
2690 3
2691 6
2692 4
2693 2
2694 6
2695 8
2696 3
2697 5
2698 3
2699 8
2700 5
2701 8
2702 3
2703 5
2704 8
2705 7
2706 8
2707 4
2708 8
2709 6
2710 2
2711 8
2712 9
2713 5
2714 7
2715 9
2716 10
2717 5
2718 1
2719 3
2720 9
2721 2
2722 10
2723 1
2724 4
2725 10
2726 2
2727 6
2728 10
2729 5
2730 4
2731 5
2732 7
2733 6
2734 9
2735 11
2736 7
2737 7
2738 7
2739 9
2740 11
2741 4
2742 10
2743 6
2744 3
2745 5
2746 8
2747 2
2748 12
2749 8
2750 4
2751 4
2752 1
2753 11
2754 1
2755 6
2756 9
2757 9
2758 5
2759 7
2760 4
2761 4
2762 7
2763 9
2764 5
2765 6
2766 6
2767 4
2768 6
2769 4
2770 4
2771 7
2772 8
2773 5
2774 8
2775 7
2776 6
2777 4
2778 4
2779 6
2780 4
2781 10
2782 4
2783 5
2784 5
2785 6
2786 5
2787 4
2788 9
2789 2
2790 8
2791 4
2792 6
2793 8
2794 5
2795 5
2796 4
2797 5
2798 9
2799 4
2800 4
2801 7
2802 7
2803 3
2804 5
2805 4
2806 7
2807 4
2808 6
2809 6
2810 4
2811 5
2812 4
2813 3
2814 9
2815 5
2816 6
2817 9
2818 7
2819 4
2820 4
2821 8
2822 3
2823 4
2824 5
2825 4
2826 4
2827 5
2828 3
2829 5
2830 5
2831 4
2832 3
2833 7
2834 1
2835 4
2836 4
2837 7
2838 4
2839 4
2840 5
2841 7
2842 9
2843 7
2844 5
2845 6
2846 4
2847 2
2848 6
2849 9
2850 7
2851 3
2852 5
2853 6
2854 6
2855 7
2856 8
2857 6
2858 8
2859 4
2860 7
2861 6
2862 8
2863 4
2864 4
2865 4
2866 8
2867 8
2868 6
2869 4
2870 9
2871 7
2872 7
2873 8
2874 9
2875 2
2876 12
2877 6
2878 9
2879 7
2880 6
2881 6
2882 5
2883 4
2884 0
2885 6
2886 5
2887 5
2888 4
2889 5
2890 5
2891 6
2892 7
2893 3
2894 7
2895 5
2896 5
2897 3
2898 6
2899 6
2900 8
2901 6
2902 4
2903 5
2904 5
2905 5
2906 4
2907 4
2908 5
2909 0
2910 4
2911 8
2912 7
2913 4
2914 5
2915 7
2916 9
2917 5
2918 5
2919 7
2920 4
2921 1
2922 4
2923 6
2924 6
2925 2
2926 2
2927 5
2928 8
2929 6
2930 4
2931 7
2932 5
2933 7
2934 6
2935 3
2936 5
2937 8
2938 5
2939 4
2940 2
2941 6
2942 7
2943 5
2944 8
2945 7
2946 6
2947 8
2948 5
2949 6
2950 7
2951 6
2952 4
2953 6
2954 6
2955 7
2956 4
2957 4
2958 9
2959 5
2960 6
2961 7
2962 1
2963 6
2964 2
2965 2
2966 6
2967 3
2968 1
2969 11
2970 4
2971 6
2972 4
2973 6
2974 5
2975 10
2976 12
2977 5
2978 5
2979 5
2980 6
2981 1
2982 2
2983 7
2984 8
2985 7
2986 2
2987 10
2988 3
2989 5
2990 6
2991 4
2992 5
2993 5
2994 4
2995 1
2996 8
2997 6
2998 6
2999 8
3000 8
3001 3
3002 2
3003 3
3004 4
3005 4
3006 2
3007 3
3008 4
3009 3
3010 10
3011 9
3012 10
3013 7
3014 3
3015 3
3016 8
3017 3
3018 6
3019 3
3020 9
3021 4
3022 2
3023 6
3024 3
3025 6
3026 5
3027 5
3028 5
3029 7
3030 9
3031 2
3032 4
3033 5
3034 8
3035 2
3036 8
3037 5
3038 5
3039 2
3040 5
3041 3
3042 4
3043 6
3044 4
3045 6
3046 3
3047 4
3048 7
3049 10
3050 3
3051 7
3052 7
3053 4
3054 5
3055 5
3056 9
3057 5
3058 6
3059 1
3060 4
3061 5
3062 6
3063 1
3064 5
3065 2
3066 4
3067 3
3068 5
3069 3
3070 6
3071 2
3072 2
3073 5
3074 4
3075 11
3076 8
3077 6
3078 4
3079 3
3080 0
3081 7
3082 4
3083 3
3084 7
3085 2
3086 7
3087 8
3088 2
3089 5
3090 2
3091 3
3092 3
3093 5
3094 1
3095 5
3096 6
3097 4
3098 4
3099 2
3100 2
3101 7
3102 3
3103 2
3104 2
3105 5
3106 4
3107 5
3108 6
3109 2
3110 5
3111 6
3112 2
3113 5
3114 2
3115 4
3116 5
3117 6
3118 1
3119 8
3120 6
3121 5
3122 5
3123 4
3124 4
3125 3
3126 5
3127 2
3128 1
3129 4
3130 8
3131 2
3132 3
3133 8
3134 2
3135 3
3136 7
3137 3
3138 5
3139 4
3140 1
3141 6
3142 4
3143 3
3144 5
3145 4
3146 5
3147 4
3148 3
3149 1
3150 8
3151 4
3152 3
3153 6
3154 3
3155 3
3156 5
3157 3
3158 7
3159 4
3160 2
3161 4
3162 4
3163 6
3164 6
3165 1
3166 6
3167 1
3168 6
3169 3
3170 4
3171 4
3172 9
3173 5
3174 6
3175 4
3176 7
3177 5
3178 4
3179 4
3180 4
3181 3
3182 7
3183 8
3184 10
3185 7
3186 3
3187 1
3188 2
3189 1
3190 3
3191 2
3192 3
3193 6
3194 3
3195 6
3196 4
3197 3
3198 4
3199 1
3200 6
3201 4
3202 3
3203 3
3204 5
3205 6
3206 3
3207 0
3208 0
3209 3
3210 5
3211 2
3212 1
3213 3
3214 4
3215 2
3216 5
3217 1
3218 2
3219 1
3220 4
3221 6
3222 5
3223 4
3224 2
3225 5
3226 5
3227 4
3228 3
3229 10
3230 7
3231 3
3232 4
3233 7
3234 7
3235 7
3236 5
3237 2
3238 9
3239 5
3240 5
3241 4
3242 2
3243 2
3244 3
3245 1
3246 4
3247 5
3248 3
3249 7
3250 6
3251 5
3252 1
3253 3
3254 5
3255 6
3256 1
3257 5
3258 7
3259 7
3260 0
3261 1
3262 1
3263 9
3264 2
3265 1
3266 2
3267 6
3268 5
3269 2
3270 3
3271 5
3272 2
3273 4
3274 6
3275 2
3276 3
3277 1
3278 11
3279 4
3280 5
3281 3
3282 3
3283 4
3284 0
3285 2
3286 6
3287 4
3288 4
3289 5
3290 2
3291 3
3292 3
3293 4
3294 2
3295 3
3296 3
3297 2
3298 6
3299 5
3300 1
3301 4
3302 3
3303 2
3304 1
3305 1
3306 3
3307 5
3308 6
3309 6
3310 3
3311 2
3312 3
3313 5
3314 5
3315 5
3316 4
3317 5
3318 5
3319 3
3320 7
3321 2
3322 2
3323 4
3324 7
3325 3
3326 2
3327 7
3328 1
3329 3
3330 8
3331 3
3332 5
3333 6
3334 2
3335 7
3336 1
3337 6
3338 5
3339 5
3340 1
3341 3
3342 2
3343 2
3344 4
3345 5
3346 5
3347 2
3348 4
3349 4
3350 6
3351 2
3352 4
3353 5
3354 6
3355 2
3356 1
3357 2
3358 2
3359 2
3360 5
3361 5
3362 5
3363 7
3364 2
3365 5
3366 4
3367 8
3368 0
3369 6
3370 1
3371 4
3372 5
3373 3
3374 3
3375 2
3376 3
3377 4
3378 3
3379 1
3380 1
3381 3
3382 4
3383 4
3384 4
3385 3
3386 3
3387 5
3388 3
3389 5
3390 4
3391 1
3392 3
3393 2
3394 1
3395 2
3396 5
3397 3
3398 3
3399 5
3400 2
3401 2
3402 8
3403 3
3404 7
3405 4
3406 4
3407 1
3408 2
3409 5
3410 2
3411 5
3412 4
3413 5
3414 7
3415 2
3416 4
3417 3
3418 5
3419 9
3420 1
3421 2
3422 7
3423 2
3424 5
3425 2
3426 4
3427 2
3428 3
3429 4
3430 4
3431 5
3432 4
3433 2
3434 2
3435 1
3436 0
3437 4
3438 1
3439 4
3440 3
3441 5
3442 2
3443 4
3444 5
3445 4
3446 5
3447 6
3448 6
3449 4
3450 5
3451 6
3452 3
3453 4
3454 4
3455 7
3456 7
3457 1
3458 10
3459 9
3460 2
3461 5
3462 7
3463 4
3464 2
3465 5
3466 1
3467 3
3468 4
3469 2
3470 2
3471 5
3472 2
3473 2
3474 4
3475 3
3476 4
3477 1
3478 4
3479 4
3480 3
3481 4
3482 4
3483 1
3484 6
3485 2
3486 3
3487 1
3488 3
3489 3
3490 4
3491 5
3492 1
3493 3
3494 3
3495 2
3496 2
3497 3
3498 1
3499 2
3500 2
3501 2
3502 1
3503 1
3504 4
3505 5
3506 0
3507 5
3508 2
3509 6
3510 3
3511 1
3512 3
3513 2
3514 3
3515 0
3516 4
3517 3
3518 5
3519 5
3520 2
3521 5
3522 0
3523 4
3524 1
3525 3
3526 3
3527 3
3528 4
3529 3
3530 2
3531 0
3532 5
3533 8
3534 5
3535 4
3536 3
3537 3
3538 2
3539 4
3540 2
3541 4
3542 3
3543 2
3544 1
3545 4
3546 10
3547 5
3548 4
3549 4
3550 2
3551 3
3552 6
3553 3
3554 4
3555 5
3556 3
3557 3
3558 8
3559 6
3560 0
3561 2
3562 3
3563 1
3564 2
3565 6
3566 4
3567 6
3568 3
3569 2
3570 5
3571 5
3572 3
3573 3
3574 3
3575 4
3576 6
3577 2
3578 5
3579 3
3580 4
3581 1
3582 5
3583 5
3584 3
3585 3
3586 2
3587 4
3588 3
3589 1
3590 2
3591 2
3592 3
3593 1
3594 5
3595 5
3596 6
3597 1
3598 2
3599 2
3600 6
3601 4
3602 6
3603 3
3604 4
3605 2
3606 4
3607 2
3608 4
3609 2
3610 3
3611 8
3612 5
3613 2
3614 4
3615 5
3616 5
3617 5
3618 3
3619 1
3620 1
3621 2
3622 6
3623 7
3624 1
3625 5
3626 6
3627 5
3628 3
3629 2
3630 4
3631 3
3632 2
3633 2
3634 7
3635 4
3636 4
3637 0
3638 3
3639 1
3640 2
3641 2
3642 3
3643 2
3644 2
3645 3
3646 6
3647 2
3648 2
3649 2
3650 1
3651 3
3652 3
3653 2
3654 2
3655 6
3656 8
3657 3
3658 4
3659 2
3660 4
3661 5
3662 2
3663 8
3664 2
3665 4
3666 1
3667 1
3668 5
3669 0
3670 5
3671 6
3672 5
3673 2
3674 3
3675 4
3676 2
3677 4
3678 3
3679 4
3680 5
3681 2
3682 5
3683 3
3684 7
3685 5
3686 1
3687 5
3688 0
3689 5
3690 5
3691 3
3692 2
3693 2
3694 2
3695 2
3696 3
3697 1
3698 8
3699 6
3700 2
3701 1
3702 4
3703 3
3704 6
3705 6
3706 2
3707 5
3708 4
3709 2
3710 0
3711 5
3712 2
3713 4
3714 4
3715 1
3716 3
3717 3
3718 1
3719 1
3720 3
3721 5
3722 2
3723 1
3724 7
3725 4
3726 5
3727 5
3728 7
3729 3
3730 6
3731 1
3732 3
3733 4
3734 6
3735 2
3736 4
3737 1
3738 3
3739 4
3740 1
3741 3
3742 2
3743 7
3744 5
3745 0
3746 2
3747 3
3748 5
3749 4
3750 4
3751 4
3752 1
3753 1
3754 2
3755 4
3756 0
3757 0
3758 2
3759 4
3760 3
3761 3
3762 5
3763 3
3764 1
3765 0
3766 3
3767 5
3768 0
3769 2
3770 3
3771 5
3772 3
3773 2
3774 3
3775 1
3776 4
3777 2
3778 2
3779 1
3780 5
3781 0
3782 2
3783 3
3784 1
3785 4
3786 6
3787 1
3788 4
3789 1
3790 3
3791 1
3792 0
3793 3
3794 3
3795 5
3796 1
3797 0
3798 0
3799 6
3800 3
3801 0
3802 2
3803 1
3804 3
3805 1
3806 2
3807 5
3808 3
3809 0
3810 3
3811 1
3812 4
3813 1
3814 0
3815 1
3816 0
3817 0
3818 3
3819 2
3820 3
3821 0
3822 2
3823 2
3824 1
3825 2
3826 2
3827 3
3828 4
3829 0
3830 2
3831 2
3832 6
3833 3
3834 4
3835 1
3836 5
3837 3
3838 3
3839 2
3840 1
3841 1
3842 0
3843 3
3844 1
3845 4
3846 5
3847 4
3848 4
3849 2
3850 3
3851 2
3852 2
3853 0
3854 1
3855 5
3856 4
3857 4
3858 4
3859 3
3860 2
3861 3
3862 0
3863 2
3864 5
3865 1
3866 2
3867 2
3868 1
3869 3
3870 5
3871 3
3872 4
3873 3
3874 1
3875 9
3876 2
3877 1
3878 0
3879 4
3880 2
3881 4
3882 2
3883 3
3884 0
3885 1
3886 5
3887 2
3888 3
3889 2
3890 2
3891 1
3892 1
3893 3
3894 5
3895 6
3896 4
3897 3
3898 3
3899 1
3900 2
3901 4
3902 5
3903 4
3904 4
3905 2
3906 3
3907 1
3908 1
3909 1
3910 1
3911 4
3912 3
3913 2
3914 1
3915 2
3916 4
3917 3
3918 5
3919 3
3920 4
3921 1
3922 4
3923 1
3924 3
3925 1
3926 2
3927 0
3928 2
3929 4
3930 5
3931 1
3932 1
3933 2
3934 1
3935 1
3936 1
3937 4
3938 3
3939 2
3940 2
3941 1
3942 3
3943 3
3944 4
3945 1
3946 1
3947 1
3948 3
3949 3
3950 0
3951 4
3952 2
3953 1
3954 2
3955 3
3956 1
3957 3
3958 2
3959 2
3960 2
3961 3
3962 3
3963 6
3964 3
3965 3
3966 2
3967 2
3968 3
3969 0
3970 3
3971 6
3972 1
3973 1
3974 4
3975 2
3976 1
3977 1
3978 1
3979 3
3980 1
3981 1
3982 4
3983 1
3984 3
3985 4
3986 2
3987 3
3988 6
3989 2
3990 1
3991 2
3992 4
3993 2
3994 3
3995 0
3996 0
3997 2
3998 1
3999 2
4000 3
4001 2
4002 3
4003 2
4004 2
4005 5
4006 1
4007 2
4008 2
4009 0
4010 3
4011 6
4012 2
4013 3
4014 1
4015 6
4016 3
4017 2
4018 2
4019 1
4020 5
4021 3
4022 1
4023 1
4024 3
4025 2
4026 4
4027 4
4028 1
4029 1
4030 1
4031 3
4032 3
4033 3
4034 3
4035 0
4036 5
4037 1
4038 5
4039 1
4040 4
4041 0
4042 4
4043 2
4044 1
4045 5
4046 2
4047 1
4048 3
4049 1
4050 1
4051 2
4052 1
4053 1
4054 1
4055 2
4056 3
4057 4
4058 1
4059 3
4060 1
4061 1
4062 2
4063 2
4064 2
4065 0
4066 2
4067 2
4068 3
4069 0
4070 1
4071 1
4072 1
4073 2
4074 3
4075 2
4076 2
4077 2
4078 4
4079 4
4080 2
4081 2
4082 2
4083 2
4084 3
4085 2
4086 2
4087 1
4088 2
4089 1
4090 1
4091 3
4092 1
4093 3
4094 1
4095 4
4096 1
4097 3
4098 1
4099 0
4100 2
4101 0
4102 2
4103 0
4104 1
4105 0
4106 0
4107 3
4108 3
4109 1
4110 1
4111 0
4112 4
4113 1
4114 3
4115 0
4116 1
4117 2
4118 3
4119 1
4120 3
4121 0
4122 2
4123 1
4124 0
4125 5
4126 3
4127 1
4128 3
4129 3
4130 0
4131 2
4132 3
4133 2
4134 1
4135 3
4136 4
4137 2
4138 2
4139 2
4140 1
4141 4
4142 2
4143 5
4144 0
4145 2
4146 3
4147 2
4148 1
4149 3
4150 4
4151 2
4152 1
4153 3
4154 4
4155 1
4156 3
4157 3
4158 0
4159 3
4160 3
4161 1
4162 1
4163 1
4164 4
4165 3
4166 1
4167 4
4168 1
4169 4
4170 6
4171 4
4172 4
4173 2
4174 1
4175 2
4176 1
4177 1
4178 1
4179 3
4180 1
4181 4
4182 0
4183 2
4184 2
4185 3
4186 2
4187 1
4188 1
4189 3
4190 3
4191 2
4192 1
4193 3
4194 3
4195 3
4196 2
4197 1
4198 2
4199 4
4200 0
4201 1
4202 2
4203 1
4204 1
4205 3
4206 3
4207 5
4208 2
4209 1
4210 1
4211 6
4212 3
4213 1
4214 1
4215 1
4216 2
4217 2
4218 2
4219 0
4220 3
4221 1
4222 3
4223 3
4224 3
4225 2
4226 2
4227 2
4228 1
4229 1
4230 5
4231 4
4232 3
4233 2
4234 2
4235 5
4236 1
4237 4
4238 3
4239 4
4240 2
4241 8
4242 0
4243 3
4244 2
4245 0
4246 4
4247 1
4248 0
4249 3
4250 4
4251 4
4252 2
4253 0
4254 2
4255 3
4256 2
4257 3
4258 2
4259 2
4260 3
4261 4
4262 2
4263 4
4264 3
4265 4
4266 2
4267 0
4268 3
4269 0
4270 3
4271 2
4272 3
4273 4
4274 4
4275 2
4276 2
4277 4
4278 1
4279 2
4280 0
4281 4
4282 2
4283 2
4284 2
4285 4
4286 2
4287 2
4288 3
4289 1
4290 2
4291 3
4292 2
4293 4
4294 0
4295 5
4296 3
4297 4
4298 2
4299 0
4300 1
4301 4
4302 2
4303 1
4304 3
4305 0
4306 3
4307 2
4308 2
4309 3
4310 0
4311 1
4312 2
4313 2
4314 3
4315 4
4316 3
4317 3
4318 0
4319 4
4320 4
4321 6
4322 3
4323 1
4324 2
4325 4
4326 3
4327 1
4328 1
4329 0
4330 5
4331 5
4332 3
4333 0
4334 5
4335 1
4336 2
4337 1
4338 1
4339 0
4340 1
4341 1
4342 2
4343 1
4344 3
4345 2
4346 2
4347 0
4348 3
4349 1
4350 2
4351 0
4352 1
4353 1
4354 1
4355 0
4356 2
4357 2
4358 1
4359 1
4360 4
4361 3
4362 2
4363 2
4364 2
4365 1
4366 1
4367 2
4368 3
4369 2
4370 1
4371 1
4372 3
4373 3
4374 2
4375 1
4376 3
4377 3
4378 1
4379 4
4380 1
4381 1
4382 3
4383 1
4384 1
4385 0
4386 0
4387 1
4388 2
4389 1
4390 1
4391 1
4392 2
4393 1
4394 3
4395 1
4396 1
4397 2
4398 4
4399 0
4400 2
4401 2
4402 3
4403 1
4404 2
4405 2
4406 4
4407 1
4408 3
4409 3
4410 2
4411 4
4412 0
4413 3
4414 1
4415 2
4416 3
4417 1
4418 1
4419 3
4420 0
4421 3
4422 0
4423 3
4424 2
4425 0
4426 1
4427 1
4428 1
4429 1
4430 1
4431 2
4432 4
4433 0
4434 1
4435 2
4436 2
4437 1
4438 5
4439 0
4440 3
4441 1
4442 1
4443 0
4444 2
4445 1
4446 2
4447 0
4448 2
4449 5
4450 3
4451 0
4452 1
4453 2
4454 4
4455 1
4456 1
4457 2
4458 2
4459 2
4460 1
4461 3
4462 3
4463 1
4464 4
4465 0
4466 1
4467 1
4468 4
4469 4
4470 3
4471 0
4472 3
4473 1
4474 2
4475 2
4476 3
4477 1
4478 6
4479 1
4480 3
4481 3
4482 3
4483 3
4484 4
4485 0
4486 0
4487 1
4488 1
4489 3
4490 0
4491 2
4492 3
4493 3
4494 0
4495 2
4496 1
4497 1
4498 0
4499 3
4500 2
4501 4
4502 1
4503 1
4504 1
4505 3
4506 0
4507 5
4508 1
4509 2
4510 2
4511 2
4512 1
4513 1
4514 1
4515 3
4516 0
4517 0
4518 0
4519 3
4520 1
4521 3
4522 2
4523 2
4524 1
4525 4
4526 1
4527 0
4528 2
4529 0
4530 3
4531 0
4532 1
4533 1
4534 1
4535 1
4536 3
4537 1
4538 1
4539 0
4540 1
4541 3
4542 3
4543 1
4544 0
4545 0
4546 2
4547 0
4548 2
4549 2
4550 1
4551 2
4552 1
4553 0
4554 2
4555 0
4556 2
4557 2
4558 4
4559 0
4560 3
4561 3
4562 1
4563 2
4564 3
4565 2
4566 2
4567 1
4568 4
4569 5
4570 1
4571 2
4572 1
4573 0
4574 1
4575 1
4576 2
4577 0
4578 2
4579 3
4580 3
4581 3
4582 1
4583 2
4584 2
4585 2
4586 1
4587 2
4588 0
4589 1
4590 6
4591 4
4592 0
4593 3
4594 3
4595 2
4596 3
4597 1
4598 2
4599 1
4600 0
4601 0
4602 1
4603 1
4604 2
4605 1
4606 1
4607 0
4608 4
4609 2
4610 2
4611 1
4612 2
4613 3
4614 3
4615 5
4616 2
4617 1
4618 0
4619 1
4620 2
4621 2
4622 1
4623 2
4624 4
4625 2
4626 2
4627 0
4628 0
4629 3
4630 5
4631 2
4632 4
4633 3
4634 3
4635 5
4636 1
4637 2
4638 3
4639 1
4640 3
4641 2
4642 3
4643 0
4644 3
4645 2
4646 1
4647 5
4648 3
4649 3
4650 3
4651 3
4652 0
4653 2
4654 3
4655 0
4656 2
4657 0
4658 1
4659 2
4660 2
4661 5
4662 2
4663 3
4664 1
4665 0
4666 5
4667 1
4668 1
4669 0
4670 3
4671 5
4672 1
4673 1
4674 0
4675 0
4676 2
4677 0
4678 2
4679 3
4680 2
4681 2
4682 1
4683 2
4684 2
4685 1
4686 0
4687 3
4688 0
4689 3
4690 1
4691 3
4692 2
4693 6
4694 2
4695 2
4696 2
4697 2
4698 1
4699 2
4700 1
4701 2
4702 0
4703 1
4704 1
4705 4
4706 1
4707 1
4708 0
4709 1
4710 1
4711 2
4712 2
4713 0
4714 2
4715 2
4716 0
4717 1
4718 3
4719 2
4720 2
4721 0
4722 0
4723 1
4724 1
4725 2
4726 3
4727 1
4728 0
4729 5
4730 4
4731 1
4732 5
4733 2
4734 0
4735 4
4736 4
4737 1
4738 5
4739 1
4740 2
4741 0
4742 1
4743 1
4744 2
4745 0
4746 3
4747 5
4748 2
4749 4
4750 0
4751 5
4752 1
4753 5
4754 2
4755 5
4756 2
4757 1
4758 7
4759 2
4760 0
4761 2
4762 4
4763 1
4764 4
4765 2
4766 1
4767 3
4768 1
4769 3
4770 0
4771 1
4772 1
4773 4
4774 2
4775 3
4776 2
4777 3
4778 1
4779 2
4780 2
4781 2
4782 1
4783 1
4784 1
4785 0
4786 2
4787 0
4788 2
4789 2
4790 0
4791 2
4792 1
4793 1
4794 1
4795 3
4796 5
4797 4
4798 4
4799 4
4800 3
4801 3
4802 0
4803 1
4804 2
4805 2
4806 4
4807 1
4808 4
4809 4
4810 8
4811 3
4812 4
4813 3
4814 2
4815 2
4816 6
4817 1
4818 3
4819 1
4820 2
4821 3
4822 0
4823 2
4824 5
4825 2
4826 3
4827 1
4828 2
4829 3
4830 5
4831 1
4832 2
4833 1
4834 2
4835 2
4836 0
4837 1
4838 2
4839 2
4840 3
4841 2
4842 2
4843 0
4844 1
4845 3
4846 2
4847 2
4848 4
4849 4
4850 0
4851 3
4852 1
4853 0
4854 2
4855 1
4856 0
4857 2
4858 0
4859 3
4860 2
4861 1
4862 2
4863 2
4864 0
4865 4
4866 0
4867 3
4868 1
4869 2
4870 2
4871 2
4872 3
4873 0
4874 1
4875 2
4876 1
4877 2
4878 1
4879 3
4880 2
4881 2
4882 2
4883 1
4884 1
4885 1
4886 2
4887 3
4888 4
4889 0
4890 0
4891 2
4892 3
4893 1
4894 2
4895 1
4896 2
4897 2
4898 0
4899 1
4900 1
4901 2
4902 1
4903 3
4904 2
4905 1
4906 0
4907 0
4908 1
4909 2
4910 1
4911 1
4912 3
4913 2
4914 1
4915 2
4916 1
4917 0
4918 1
4919 3
4920 2
4921 1
4922 2
4923 0
4924 4
4925 7
4926 0
4927 1
4928 0
4929 0
4930 0
4931 3
4932 1
4933 1
4934 1
4935 1
4936 1
4937 0
4938 1
4939 2
4940 3
4941 3
4942 1
4943 2
4944 2
4945 1
4946 2
4947 3
4948 4
4949 1
4950 2
4951 0
4952 2
4953 4
4954 2
4955 0
4956 2
4957 2
4958 2
4959 0
4960 1
4961 1
4962 0
4963 0
4964 2
4965 2
4966 0
4967 1
4968 0
4969 3
4970 0
4971 2
4972 1
4973 2
4974 2
4975 1
4976 1
4977 3
4978 2
4979 2
4980 1
4981 2
4982 1
4983 0
4984 2
4985 0
4986 1
4987 2
4988 2
4989 2
4990 1
4991 0
4992 1
4993 2
4994 1
4995 2
4996 3
4997 3
4998 2
4999 0
5000 1
5001 0
5002 0
5003 1
5004 1
5005 3
5006 2
5007 3
5008 0
5009 1
5010 3
5011 0
5012 0
5013 3
5014 0
5015 2
5016 4
5017 1
5018 0
5019 2
5020 2
5021 0
5022 1
5023 1
5024 1
5025 3
5026 0
5027 2
5028 1
5029 0
5030 2
5031 1
5032 0
5033 4
5034 1
5035 0
5036 2
5037 2
5038 2
5039 0
5040 2
5041 1
5042 2
5043 3
5044 2
5045 1
5046 0
5047 1
5048 1
5049 1
5050 3
5051 5
5052 3
5053 2
5054 3
5055 3
5056 0
5057 2
5058 0
5059 4
5060 0
5061 2
5062 3
5063 0
5064 4
5065 3
5066 2
5067 4
5068 1
5069 0
5070 0
5071 2
5072 1
5073 1
5074 3
5075 0
5076 3
5077 2
5078 0
5079 7
5080 5
5081 1
5082 3
5083 1
5084 0
5085 4
5086 1
5087 3
5088 0
5089 3
5090 2
5091 3
5092 1
5093 2
5094 1
5095 3
5096 2
5097 1
5098 1
5099 5
5100 1
5101 2
5102 2
5103 1
5104 0
5105 1
5106 2
5107 6
5108 2
5109 3
5110 1
5111 2
5112 3
5113 0
5114 2
5115 2
5116 3
5117 4
5118 0
5119 3
5120 5
5121 0
5122 0
5123 0
5124 2
5125 1
5126 0
5127 3
5128 2
5129 0
5130 2
5131 2
5132 2
5133 0
5134 2
5135 0
5136 2
5137 0
5138 2
5139 1
5140 3
5141 1
5142 4
5143 0
5144 2
5145 1
5146 4
5147 0
5148 0
5149 1
5150 0
5151 1
5152 1
5153 2
5154 1
5155 0
5156 3
5157 2
5158 0
5159 4
5160 1
5161 3
5162 0
5163 3
5164 1
5165 0
5166 2
5167 2
5168 2
5169 0
5170 2
5171 2
5172 1
5173 1
5174 0
5175 1
5176 3
5177 2
5178 3
5179 1
5180 4
5181 1
5182 3
5183 1
5184 2
5185 3
5186 2
5187 2
5188 2
5189 1
5190 0
5191 6
5192 2
5193 5
5194 1
5195 2
5196 4
5197 1
5198 2
5199 2
5200 3
5201 2
5202 1
5203 4
5204 1
5205 1
5206 4
5207 1
5208 1
5209 1
5210 2
5211 3
5212 0
5213 1
5214 1
5215 2
5216 3
5217 1
5218 0
5219 2
5220 0
5221 1
5222 5
5223 0
5224 0
5225 3
5226 4
5227 2
5228 1
5229 0
5230 5
5231 1
5232 4
5233 2
5234 2
5235 2
5236 1
5237 4
5238 0
5239 2
5240 2
5241 2
5242 1
5243 3
5244 2
5245 5
5246 1
5247 1
5248 0
5249 1
5250 0
5251 3
5252 1
5253 3
5254 3
5255 2
5256 1
5257 2
5258 1
5259 2
5260 0
5261 2
5262 1
5263 0
5264 1
5265 0
5266 3
5267 3
5268 2
5269 3
5270 1
5271 3
5272 2
5273 1
5274 5
5275 3
5276 2
5277 2
5278 0
5279 2
5280 4
5281 2
5282 0
5283 5
5284 5
5285 3
5286 2
5287 2
5288 6
5289 2
5290 1
5291 1
5292 0
5293 4
5294 1
5295 1
5296 1
5297 3
5298 0
5299 2
5300 3
5301 0
5302 3
5303 2
5304 2
5305 2
5306 2
5307 2
5308 3
5309 3
5310 0
5311 3
5312 5
5313 2
5314 1
5315 0
5316 0
5317 1
5318 2
5319 3
5320 0
5321 2
5322 1
5323 3
5324 0
5325 3
5326 3
5327 1
5328 1
5329 2
5330 3
5331 4
5332 5
5333 1
5334 2
5335 2
5336 2
5337 0
5338 2
5339 4
5340 0
5341 1
5342 1
5343 1
5344 2
5345 3
5346 0
5347 2
5348 1
5349 2
5350 1
5351 1
5352 3
5353 2
5354 3
5355 5
5356 1
5357 3
5358 3
5359 7
5360 1
5361 1
5362 2
5363 2
5364 1
5365 1
5366 1
5367 2
5368 2
5369 2
5370 1
5371 4
5372 2
5373 3
5374 1
5375 5
5376 2
5377 4
5378 2
5379 1
5380 5
5381 0
5382 1
5383 3
5384 2
5385 2
5386 3
5387 2
5388 1
5389 0
5390 2
5391 3
5392 2
5393 1
5394 2
5395 2
5396 5
5397 1
5398 3
5399 3
5400 0
5401 1
5402 2
5403 2
5404 2
5405 0
5406 0
5407 2
5408 2
5409 4
5410 2
5411 1
5412 3
5413 1
5414 2
5415 1
5416 1
5417 3
5418 1
5419 3
5420 2
5421 2
5422 0
5423 2
5424 3
5425 1
5426 1
5427 2
5428 2
5429 1
5430 1
5431 3
5432 2
5433 2
5434 4
5435 2
5436 2
5437 2
5438 2
5439 0
5440 2
5441 1
5442 3
5443 2
5444 4
5445 0
5446 0
5447 3
5448 6
5449 1
5450 3
5451 1
5452 2
5453 4
5454 2
5455 1
5456 1
5457 1
5458 1
5459 3
5460 1
5461 4
5462 1
5463 4
5464 5
5465 0
5466 5
5467 1
5468 2
5469 0
5470 3
5471 1
5472 4
5473 5
5474 0
5475 0
5476 1
5477 2
5478 2
5479 2
5480 1
5481 3
5482 1
5483 0
5484 1
5485 1
5486 2
5487 0
5488 1
5489 5
5490 1
5491 0
5492 1
5493 1
5494 1
5495 2
5496 1
5497 3
5498 4
5499 0
5500 1
5501 2
5502 0
5503 1
5504 3
5505 5
5506 2
5507 1
5508 2
5509 1
5510 1
5511 2
5512 1
5513 0
5514 4
5515 2
5516 5
5517 3
5518 1
5519 3
5520 1
5521 2
5522 1
5523 1
5524 2
5525 0
5526 2
5527 1
5528 5
5529 0
5530 2
5531 1
5532 4
5533 2
5534 3
5535 2
5536 1
5537 1
5538 3
5539 1
5540 3
5541 2
5542 1
5543 2
5544 2
5545 1
5546 2
5547 3
5548 1
5549 1
5550 6
5551 0
5552 1
5553 3
5554 1
5555 1
5556 2
5557 4
5558 4
5559 4
5560 3
5561 0
5562 1
5563 0
5564 0
5565 4
5566 1
5567 1
5568 2
5569 0
5570 3
5571 4
5572 0
5573 0
5574 4
5575 1
5576 1
5577 3
5578 1
5579 4
5580 3
5581 2
5582 0
5583 0
5584 3
5585 4
5586 0
5587 1
5588 0
5589 3
5590 4
5591 1
5592 0
5593 1
5594 0
5595 3
5596 1
5597 3
5598 0
5599 4
5600 1
5601 1
5602 5
5603 1
5604 3
5605 3
5606 2
5607 3
5608 5
5609 1
5610 1
5611 0
5612 0
5613 5
5614 2
5615 2
5616 5
5617 3
5618 3
5619 4
5620 3
5621 1
5622 0
5623 4
5624 1
5625 0
5626 2
5627 2
5628 1
5629 1
5630 0
5631 3
5632 2
5633 3
5634 2
5635 1
5636 3
5637 1
5638 0
5639 1
5640 0
5641 3
5642 2
5643 3
5644 1
5645 1
5646 1
5647 2
5648 0
5649 0
5650 2
5651 3
5652 1
5653 5
5654 2
5655 1
5656 3
5657 0
5658 3
5659 1
5660 0
5661 2
5662 0
5663 2
5664 0
5665 1
5666 4
5667 7
5668 2
5669 0
5670 1
5671 0
5672 1
5673 1
5674 2
5675 0
5676 3
5677 3
5678 3
5679 3
5680 0
5681 1
5682 2
5683 1
5684 0
5685 1
5686 1
5687 0
5688 0
5689 0
5690 2
5691 0
5692 2
5693 2
5694 2
5695 3
5696 0
5697 2
5698 1
5699 2
5700 3
5701 2
5702 1
5703 2
5704 5
5705 4
5706 1
5707 1
5708 2
5709 1
5710 3
5711 4
5712 2
5713 1
5714 1
5715 3
5716 2
5717 3
5718 2
5719 4
5720 3
5721 2
5722 3
5723 1
5724 4
5725 3
5726 4
5727 2
5728 2
5729 0
5730 3
5731 2
5732 0
5733 1
5734 1
5735 5
5736 1
5737 1
5738 1
5739 1
5740 1
5741 2
5742 1
5743 2
5744 4
5745 1
5746 0
5747 0
5748 1
5749 1
5750 2
5751 4
5752 1
5753 1
5754 2
5755 0
5756 3
5757 0
5758 0
5759 0
5760 2
5761 0
5762 1
5763 0
5764 1
5765 3
5766 2
5767 2
5768 0
5769 1
5770 1
5771 1
5772 2
5773 1
5774 1
5775 0
5776 1
5777 1
5778 1
5779 2
5780 1
5781 4
5782 1
5783 1
5784 1
5785 1
5786 2
5787 0
5788 3
5789 1
5790 2
5791 1
5792 1
5793 1
5794 2
5795 0
5796 1
5797 5
5798 0
5799 0
5800 0
5801 1
5802 1
5803 1
5804 2
5805 0
5806 1
5807 1
5808 0
5809 2
5810 2
5811 0
5812 3
5813 1
5814 1
5815 1
5816 1
5817 3
5818 0
5819 2
5820 4
5821 2
5822 2
5823 0
5824 1
5825 1
5826 1
5827 1
5828 2
5829 0
5830 1
5831 3
5832 1
5833 1
5834 4
5835 2
5836 0
5837 1
5838 2
5839 2
5840 2
5841 1
5842 2
5843 4
5844 1
5845 1
5846 0
5847 0
5848 1
5849 1
5850 0
5851 1
5852 0
5853 0
5854 1
5855 1
5856 1
5857 2
5858 1
5859 0
5860 1
5861 3
5862 4
5863 2
5864 0
5865 2
5866 1
5867 4
5868 0
5869 3
5870 1
5871 0
5872 1
5873 1
5874 3
5875 2
5876 2
5877 3
5878 1
5879 2
5880 1
5881 3
5882 3
5883 2
5884 1
5885 1
5886 4
5887 1
5888 0
5889 2
5890 1
5891 1
5892 1
5893 0
5894 1
5895 0
5896 1
5897 2
5898 2
5899 1
5900 0
5901 0
5902 2
5903 0
5904 0
5905 1
5906 1
5907 3
5908 0
5909 4
5910 1
5911 2
5912 0
5913 2
5914 1
5915 2
5916 6
5917 0
5918 1
5919 0
5920 1
5921 4
5922 0
5923 0
5924 3
5925 3
5926 0
5927 1
5928 1
5929 1
5930 1
5931 1
5932 0
5933 1
5934 1
5935 1
5936 2
5937 0
5938 1
5939 2
5940 1
5941 1
5942 1
5943 3
5944 1
5945 1
5946 0
5947 2
5948 2
5949 4
5950 3
5951 0
5952 0
5953 1
5954 2
5955 2
5956 1
5957 2
5958 0
5959 4
5960 1
5961 0
5962 1
5963 0
5964 2
5965 3
5966 1
5967 4
5968 1
5969 1
5970 1
5971 1
5972 1
5973 2
5974 2
5975 0
5976 3
5977 1
5978 1
5979 1
5980 2
5981 4
5982 4
5983 2
5984 1
5985 1
5986 1
5987 2
5988 1
5989 2
5990 0
5991 3
5992 4
5993 3
5994 1
5995 2
5996 4
5997 1
5998 0
5999 1
6000 1
6001 2
6002 4
6003 1
6004 2
6005 2
6006 1
6007 0
6008 1
6009 3
6010 2
6011 1
6012 3
6013 0
6014 0
6015 3
6016 1
6017 1
6018 1
6019 3
6020 2
6021 1
6022 0
6023 0
6024 1
6025 1
6026 1
6027 1
6028 0
6029 0
6030 2
6031 1
6032 0
6033 0
6034 2
6035 1
6036 1
6037 0
6038 0
6039 2
6040 2
6041 0
6042 2
6043 2
6044 0
6045 0
6046 1
6047 4
6048 2
6049 2
6050 0
6051 2
6052 1
6053 1
6054 3
6055 1
6056 0
6057 1
6058 1
6059 1
6060 1
6061 0
6062 1
6063 0
6064 0
6065 1
6066 1
6067 2
6068 2
6069 0
6070 0
6071 2
6072 0
6073 0
6074 3
6075 4
6076 4
6077 4
6078 2
6079 1
6080 3
6081 1
6082 2
6083 1
6084 2
6085 0
6086 1
6087 2
6088 1
6089 1
6090 0
6091 2
6092 2
6093 1
6094 0
6095 3
6096 3
6097 0
6098 3
6099 0
6100 0
6101 1
6102 1
6103 5
6104 0
6105 3
6106 1
6107 1
6108 1
6109 1
6110 4
6111 2
6112 2
6113 2
6114 1
6115 4
6116 1
6117 1
6118 1
6119 1
6120 1
6121 1
6122 1
6123 2
6124 1
6125 2
6126 2
6127 1
6128 2
6129 0
6130 1
6131 1
6132 1
6133 1
6134 2
6135 0
6136 0
6137 1
6138 1
6139 1
6140 3
6141 1
6142 0
6143 1
6144 0
6145 1
6146 0
6147 3
6148 1
6149 1
6150 0
6151 3
6152 2
6153 0
6154 2
6155 0
6156 0
6157 3
6158 0
6159 0
6160 0
6161 1
6162 3
6163 1
6164 1
6165 2
6166 1
6167 3
6168 1
6169 0
6170 2
6171 2
6172 1
6173 2
6174 2
6175 0
6176 4
6177 0
6178 1
6179 2
6180 0
6181 1
6182 1
6183 1
6184 1
6185 1
6186 0
6187 2
6188 3
6189 2
6190 1
6191 2
6192 1
6193 2
6194 0
6195 0
6196 3
6197 2
6198 1
6199 1
6200 3
6201 0
6202 0
6203 0
6204 2
6205 0
6206 2
6207 1
6208 2
6209 3
6210 0
6211 2
6212 2
6213 1
6214 1
6215 1
6216 2
6217 1
6218 2
6219 3
6220 0
6221 2
6222 1
6223 0
6224 1
6225 4
6226 0
6227 0
6228 1
6229 3
6230 1
6231 2
6232 2
6233 1
6234 2
6235 0
6236 3
6237 0
6238 3
6239 1
6240 1
6241 0
6242 1
6243 0
6244 1
6245 0
6246 3
6247 1
6248 1
6249 0
6250 1
6251 0
6252 1
6253 0
6254 0
6255 3
6256 2
6257 1
6258 0
6259 1
6260 1
6261 3
6262 1
6263 0
6264 1
6265 2
6266 0
6267 0
6268 1
6269 2
6270 0
6271 0
6272 2
6273 1
6274 2
6275 0
6276 1
6277 0
6278 0
6279 0
6280 1
6281 0
6282 0
6283 1
6284 0
6285 0
6286 2
6287 2
6288 1
6289 2
6290 0
6291 0
6292 1
6293 1
6294 1
6295 0
6296 0
6297 1
6298 1
6299 0
6300 2
6301 1
6302 0
6303 1
6304 1
6305 0
6306 2
6307 0
6308 0
6309 2
6310 1
6311 0
6312 2
6313 2
6314 1
6315 0
6316 0
6317 0
6318 4
6319 0
6320 1
6321 0
6322 2
6323 1
6324 2
6325 0
6326 0
6327 1
6328 1
6329 2
6330 1
6331 0
6332 0
6333 2
6334 1
6335 1
6336 0
6337 2
6338 0
6339 1
6340 0
6341 0
6342 0
6343 1
6344 0
6345 2
6346 0
6347 2
6348 0
6349 2
6350 1
6351 1
6352 0
6353 1
6354 0
6355 1
6356 4
6357 2
6358 0
6359 1
6360 2
6361 0
6362 0
6363 2
6364 2
6365 1
6366 0
6367 0
6368 0
6369 1
6370 1
6371 1
6372 2
6373 2
6374 1
6375 2
6376 1
6377 1
6378 3
6379 2
6380 3
6381 0
6382 0
6383 2
6384 1
6385 1
6386 0
6387 1
6388 1
6389 4
6390 1
6391 1
6392 0
6393 1
6394 1
6395 0
6396 0
6397 2
6398 2
6399 3
6400 2
6401 1
6402 1
6403 1
6404 2
6405 1
6406 3
6407 1
6408 3
6409 1
6410 0
6411 0
6412 1
6413 0
6414 0
6415 2
6416 1
6417 0
6418 1
6419 1
6420 1
6421 0
6422 2
6423 1
6424 1
6425 4
6426 2
6427 0
6428 0
6429 0
6430 2
6431 2
6432 1
6433 0
6434 0
6435 2
6436 1
6437 5
6438 0
6439 3
6440 0
6441 2
6442 0
6443 2
6444 2
6445 2
6446 0
6447 1
6448 0
6449 1
6450 0
6451 1
6452 1
6453 2
6454 1
6455 1
6456 3
6457 1
6458 1
6459 1
6460 0
6461 2
6462 1
6463 1
6464 0
6465 1
6466 2
6467 0
6468 0
6469 2
6470 0
6471 2
6472 1
6473 1
6474 1
6475 2
6476 1
6477 1
6478 0
6479 2
6480 1
6481 0
6482 0
6483 1
6484 1
6485 1
6486 1
6487 3
6488 1
6489 1
6490 2
6491 0
6492 0
6493 0
6494 1
6495 1
6496 0
6497 0
6498 3
6499 2
6500 0
6501 1
6502 2
6503 2
6504 3
6505 2
6506 3
6507 2
6508 1
6509 3
6510 2
6511 1
6512 5
6513 2
6514 1
6515 0
6516 1
6517 2
6518 1
6519 1
6520 1
6521 4
6522 1
6523 0
6524 1
6525 0
6526 1
6527 3
6528 4
6529 1
6530 0
6531 0
6532 0
6533 3
6534 0
6535 0
6536 0
6537 3
6538 1
6539 1
6540 2
6541 1
6542 1
6543 1
6544 0
6545 2
6546 1
6547 4
6548 1
6549 1
6550 0
6551 0
6552 1
6553 0
6554 1
6555 0
6556 1
6557 2
6558 3
6559 3
6560 2
6561 1
6562 0
6563 1
6564 2
6565 2
6566 0
6567 1
6568 2
6569 1
6570 1
6571 0
6572 1
6573 1
6574 0
6575 2
6576 0
6577 2
6578 1
6579 4
6580 5
6581 3
6582 2
6583 0
6584 2
6585 3
6586 1
6587 3
6588 0
6589 1
6590 0
6591 0
6592 0
6593 0
6594 2
6595 2
6596 1
6597 0
6598 3
6599 0
6600 2
6601 0
6602 2
6603 0
6604 1
6605 0
6606 1
6607 2
6608 2
6609 3
6610 0
6611 1
6612 1
6613 0
6614 2
6615 1
6616 0
6617 1
6618 0
6619 0
6620 0
6621 1
6622 1
6623 3
6624 3
6625 3
6626 2
6627 3
6628 0
6629 2
6630 2
6631 1
6632 0
6633 1
6634 1
6635 2
6636 2
6637 0
6638 2
6639 4
6640 0
6641 1
6642 3
6643 0
6644 1
6645 4
6646 3
6647 1
6648 4
6649 2
6650 1
6651 1
6652 1
6653 3
6654 1
6655 0
6656 0
6657 3
6658 0
6659 2
6660 1
6661 0
6662 1
6663 0
6664 2
6665 0
6666 0
6667 2
6668 1
6669 0
6670 2
6671 1
6672 0
6673 1
6674 1
6675 2
6676 1
6677 2
6678 0
6679 2
6680 1
6681 1
6682 1
6683 3
6684 0
6685 1
6686 2
6687 2
6688 2
6689 0
6690 0
6691 1
6692 0
6693 0
6694 1
6695 1
6696 1
6697 1
6698 4
6699 1
6700 0
6701 1
6702 1
6703 2
6704 1
6705 2
6706 0
6707 0
6708 1
6709 0
6710 1
6711 0
6712 2
6713 2
6714 1
6715 0
6716 1
6717 1
6718 3
6719 2
6720 1
6721 2
6722 2
6723 0
6724 1
6725 1
6726 2
6727 1
6728 1
6729 0
6730 2
6731 0
6732 2
6733 3
6734 1
6735 0
6736 2
6737 3
6738 0
6739 0
6740 1
6741 1
6742 0
6743 2
6744 1
6745 0
6746 3
6747 1
6748 1
6749 1
6750 1
6751 0
6752 0
6753 3
6754 1
6755 0
6756 1
6757 5
6758 1
6759 1
6760 1
6761 0
6762 1
6763 1
6764 1
6765 0
6766 1
6767 0
6768 1
6769 1
6770 0
6771 2
6772 0
6773 0
6774 2
6775 0
6776 2
6777 1
6778 1
6779 2
6780 2
6781 1
6782 3
6783 0
6784 1
6785 0
6786 1
6787 0
6788 1
6789 0
6790 0
6791 2
6792 2
6793 1
6794 0
6795 3
6796 1
6797 1
6798 1
6799 2
6800 1
6801 2
6802 0
6803 1
6804 1
6805 4
6806 3
6807 4
6808 1
6809 4
6810 0
6811 3
6812 0
6813 1
6814 3
6815 0
6816 1
6817 0
6818 0
6819 2
6820 2
6821 2
6822 3
6823 1
6824 0
6825 2
6826 3
6827 0
6828 5
6829 0
6830 1
6831 1
6832 0
6833 1
6834 0
6835 3
6836 2
6837 1
6838 0
6839 1
6840 1
6841 3
6842 1
6843 1
6844 2
6845 1
6846 0
6847 2
6848 3
6849 1
6850 0
6851 1
6852 2
6853 1
6854 1
6855 1
6856 1
6857 1
6858 0
6859 0
6860 1
6861 1
6862 1
6863 1
6864 2
6865 1
6866 1
6867 2
6868 1
6869 0
6870 1
6871 1
6872 0
6873 4
6874 0
6875 0
6876 1
6877 3
6878 1
6879 3
6880 0
6881 1
6882 0
6883 3
6884 1
6885 0
6886 3
6887 2
6888 1
6889 3
6890 1
6891 2
6892 0
6893 1
6894 3
6895 1
6896 0
6897 1
6898 1
6899 0
6900 0
6901 1
6902 2
6903 0
6904 0
6905 1
6906 3
6907 1
6908 1
6909 0
6910 0
6911 3
6912 1
6913 1
6914 2
6915 2
6916 2
6917 1
6918 0
6919 0
6920 1
6921 1
6922 0
6923 1
6924 1
6925 0
6926 2
6927 1
6928 3
6929 2
6930 0
6931 1
6932 2
6933 1
6934 0
6935 0
6936 2
6937 0
6938 1
6939 2
6940 0
6941 0
6942 1
6943 0
6944 2
6945 1
6946 2
6947 0
6948 1
6949 1
6950 1
6951 0
6952 0
6953 2
6954 1
6955 2
6956 0
6957 1
6958 0
6959 0
6960 2
6961 0
6962 0
6963 1
6964 0
6965 0
6966 0
6967 0
6968 0
6969 1
6970 0
6971 0
6972 0
6973 0
6974 3
6975 2
6976 2
6977 2
6978 0
6979 1
6980 1
6981 0
6982 3
6983 0
6984 2
6985 1
6986 0
6987 1
6988 0
6989 2
6990 2
6991 1
6992 1
6993 0
6994 3
6995 1
6996 1
6997 0
6998 2
6999 2
7000 0
7001 1
7002 0
7003 2
7004 0
7005 0
7006 0
7007 0
7008 1
7009 1
7010 2
7011 0
7012 5
7013 1
7014 2
7015 3
7016 0
7017 1
7018 0
7019 1
7020 0
7021 0
7022 1
7023 2
7024 0
7025 1
7026 0
7027 1
7028 0
7029 0
7030 2
7031 0
7032 0
7033 1
7034 3
7035 1
7036 3
7037 0
7038 2
7039 0
7040 1
7041 2
7042 4
7043 0
7044 2
7045 2
7046 0
7047 0
7048 0
7049 1
7050 0
7051 1
7052 0
7053 0
7054 2
7055 3
7056 2
7057 2
7058 1
7059 0
7060 0
7061 1
7062 2
7063 1
7064 0
7065 0
7066 1
7067 2
7068 1
7069 0
7070 2
7071 1
7072 2
7073 2
7074 2
7075 0
7076 0
7077 3
7078 0
7079 1
7080 3
7081 1
7082 1
7083 0
7084 1
7085 1
7086 0
7087 1
7088 0
7089 3
7090 1
7091 1
7092 2
7093 0
7094 1
7095 0
7096 1
7097 2
7098 1
7099 0
7100 0
7101 0
7102 0
7103 1
7104 0
7105 0
7106 1
7107 0
7108 1
7109 1
7110 0
7111 0
7112 0
7113 2
7114 1
7115 1
7116 0
7117 3
7118 0
7119 0
7120 2
7121 1
7122 1
7123 0
7124 2
7125 0
7126 2
7127 0
7128 0
7129 1
7130 1
7131 0
7132 0
7133 0
7134 1
7135 1
7136 0
7137 2
7138 0
7139 0
7140 1
7141 1
7142 0
7143 1
7144 1
7145 0
7146 1
7147 0
7148 1
7149 0
7150 1
7151 1
7152 1
7153 0
7154 3
7155 1
7156 1
7157 0
7158 1
7159 1
7160 1
7161 0
7162 2
7163 0
7164 1
7165 1
7166 0
7167 0
7168 0
7169 0
7170 0
7171 1
7172 0
7173 0
7174 2
7175 1
7176 0
7177 1
7178 2
7179 1
7180 1
7181 3
7182 0
7183 0
7184 0
7185 1
7186 1
7187 2
7188 0
7189 0
7190 0
7191 2
7192 0
7193 2
7194 0
7195 3
7196 0
7197 2
7198 2
7199 1
7200 1
7201 0
7202 1
7203 0
7204 0
7205 0
7206 0
7207 0
7208 2
7209 1
7210 1
7211 0
7212 0
7213 0
7214 2
7215 1
7216 2
7217 2
7218 2
7219 1
7220 0
7221 2
7222 2
7223 0
7224 1
7225 0
7226 2
7227 1
7228 3
7229 4
7230 2
7231 1
7232 0
7233 1
7234 0
7235 0
7236 0
7237 2
7238 2
7239 1
7240 2
7241 0
7242 1
7243 1
7244 0
7245 4
7246 1
7247 0
7248 0
7249 2
7250 1
7251 0
7252 0
7253 1
7254 1
7255 0
7256 2
7257 3
7258 1
7259 0
7260 0
7261 0
7262 2
7263 2
7264 1
7265 0
7266 2
7267 0
7268 0
7269 0
7270 0
7271 0
7272 1
7273 1
7274 2
7275 1
7276 0
7277 0
7278 1
7279 1
7280 2
7281 0
7282 1
7283 0
7284 0
7285 2
7286 1
7287 4
7288 0
7289 1
7290 1
7291 0
7292 0
7293 0
7294 0
7295 0
7296 1
7297 2
7298 2
7299 0
7300 1
7301 0
7302 2
7303 2
7304 0
7305 0
7306 0
7307 2
7308 1
7309 0
7310 2
7311 0
7312 0
7313 1
7314 1
7315 1
7316 0
7317 0
7318 0
7319 0
7320 3
7321 0
7322 0
7323 1
7324 0
7325 2
7326 2
7327 1
7328 0
7329 0
7330 0
7331 2
7332 2
7333 2
7334 0
7335 0
7336 0
7337 0
7338 1
7339 2
7340 0
7341 1
7342 1
7343 1
7344 2
7345 0
7346 0
7347 0
7348 3
7349 4
7350 0
7351 2
7352 0
7353 0
7354 0
7355 0
7356 1
7357 0
7358 0
7359 0
7360 0
7361 3
7362 2
7363 1
7364 1
7365 0
7366 0
7367 1
7368 1
7369 2
7370 1
7371 0
7372 2
7373 1
7374 0
7375 1
7376 2
7377 1
7378 2
7379 0
7380 2
7381 2
7382 0
7383 1
7384 0
7385 1
7386 0
7387 4
7388 3
7389 1
7390 1
7391 1
7392 0
7393 2
7394 1
7395 1
7396 0
7397 0
7398 1
7399 3
7400 2
7401 2
7402 1
7403 0
7404 0
7405 2
7406 1
7407 3
7408 0
7409 0
7410 0
7411 0
7412 0
7413 3
7414 2
7415 1
7416 1
7417 1
7418 1
7419 0
7420 1
7421 0
7422 2
7423 0
7424 1
7425 0
7426 0
7427 1
7428 0
7429 0
7430 0
7431 2
7432 1
7433 1
7434 1
7435 2
7436 0
7437 1
7438 1
7439 1
7440 0
7441 2
7442 0
7443 1
7444 2
7445 1
7446 1
7447 0
7448 0
7449 1
7450 1
7451 0
7452 1
7453 0
7454 3
7455 0
7456 0
7457 0
7458 1
7459 0
7460 1
7461 0
7462 0
7463 2
7464 1
7465 0
7466 2
7467 0
7468 1
7469 0
7470 0
7471 0
7472 0
7473 1
7474 1
7475 0
7476 0
7477 0
7478 2
7479 2
7480 1
7481 0
7482 1
7483 0
7484 3
7485 0
7486 0
7487 0
7488 0
7489 0
7490 0
7491 0
7492 2
7493 0
7494 0
7495 3
7496 1
7497 2
7498 0
7499 3
7500 4
7501 0
7502 2
7503 3
7504 0
7505 0
7506 0
7507 2
7508 2
7509 0
7510 2
7511 0
7512 0
7513 2
7514 2
7515 1
7516 4
7517 0
7518 1
7519 0
7520 0
7521 2
7522 4
7523 0
7524 0
7525 1
7526 0
7527 2
7528 1
7529 0
7530 2
7531 0
7532 0
7533 0
7534 1
7535 0
7536 1
7537 2
7538 0
7539 1
7540 0
7541 0
7542 3
7543 1
7544 2
7545 1
7546 0
7547 0
7548 0
7549 0
7550 1
7551 0
7552 0
7553 1
7554 3
7555 1
7556 0
7557 0
7558 1
7559 0
7560 0
7561 1
7562 0
7563 0
7564 0
7565 2
7566 1
7567 0
7568 0
7569 0
7570 1
7571 0
7572 2
7573 2
7574 0
7575 0
7576 2
7577 1
7578 0
7579 0
7580 0
7581 2
7582 1
7583 0
7584 1
7585 0
7586 0
7587 2
7588 0
7589 2
7590 2
7591 0
7592 1
7593 0
7594 0
7595 0
7596 0
7597 0
7598 0
7599 1
7600 1
7601 0
7602 2
7603 2
7604 0
7605 1
7606 1
7607 1
7608 2
7609 1
7610 1
7611 1
7612 2
7613 1
7614 1
7615 1
7616 0
7617 1
7618 2
7619 2
7620 1
7621 0
7622 1
7623 2
7624 1
7625 3
7626 1
7627 1
7628 1
7629 1
7630 0
7631 0
7632 0
7633 2
7634 0
7635 1
7636 1
7637 1
7638 0
7639 1
7640 1
7641 0
7642 3
7643 4
7644 2
7645 1
7646 0
7647 2
7648 1
7649 1
7650 0
7651 1
7652 0
7653 0
7654 0
7655 1
7656 0
7657 0
7658 1
7659 1
7660 0
7661 1
7662 1
7663 1
7664 0
7665 2
7666 1
7667 1
7668 1
7669 1
7670 1
7671 0
7672 1
7673 2
7674 0
7675 4
7676 2
7677 2
7678 0
7679 3
7680 2
7681 1
7682 0
7683 1
7684 1
7685 2
7686 1
7687 0
7688 0
7689 1
7690 0
7691 0
7692 1
7693 1
7694 2
7695 1
7696 0
7697 1
7698 0
7699 1
7700 0
7701 0
7702 2
7703 2
7704 1
7705 0
7706 1
7707 0
7708 2
7709 1
7710 1
7711 1
7712 1
7713 2
7714 1
7715 0
7716 0
7717 0
7718 0
7719 1
7720 1
7721 0
7722 1
7723 1
7724 3
7725 1
7726 0
7727 1
7728 3
7729 0
7730 0
7731 1
7732 0
7733 2
7734 1
7735 2
7736 3
7737 4
7738 1
7739 3
7740 0
7741 1
7742 0
7743 2
7744 1
7745 2
7746 1
7747 1
7748 0
7749 0
7750 4
7751 0
7752 2
7753 2
7754 1
7755 1
7756 1
7757 2
7758 1
7759 0
7760 0
7761 0
7762 2
7763 0
7764 2
7765 0
7766 2
7767 1
7768 2
7769 0
7770 0
7771 1
7772 1
7773 1
7774 1
7775 0
7776 1
7777 0
7778 0
7779 0
7780 1
7781 2
7782 0
7783 0
7784 1
7785 0
7786 1
7787 0
7788 0
7789 1
7790 1
7791 1
7792 0
7793 0
7794 1
7795 2
7796 0
7797 1
7798 1
7799 1
7800 2
7801 0
7802 1
7803 0
7804 0
7805 1
7806 3
7807 0
7808 0
7809 1
7810 0
7811 0
7812 1
7813 1
7814 2
7815 1
7816 0
7817 0
7818 1
7819 1
7820 1
7821 0
7822 0
7823 1
7824 2
7825 0
7826 0
7827 0
7828 1
7829 0
7830 1
7831 0
7832 0
7833 1
7834 2
7835 1
7836 0
7837 1
7838 0
7839 0
7840 0
7841 0
7842 0
7843 0
7844 1
7845 1
7846 0
7847 1
7848 0
7849 1
7850 1
7851 0
7852 0
7853 2
7854 3
7855 0
7856 0
7857 0
7858 1
7859 3
7860 0
7861 1
7862 1
7863 0
7864 0
7865 0
7866 0
7867 2
7868 0
7869 0
7870 1
7871 0
7872 1
7873 1
7874 0
7875 0
7876 1
7877 1
7878 1
7879 1
7880 1
7881 2
7882 0
7883 1
7884 1
7885 0
7886 2
7887 1
7888 0
7889 0
7890 0
7891 1
7892 1
7893 1
7894 0
7895 2
7896 1
7897 1
7898 1
7899 0
7900 0
7901 0
7902 0
7903 2
7904 1
7905 1
7906 2
7907 1
7908 0
7909 0
7910 0
7911 0
7912 0
7913 0
7914 0
7915 0
7916 2
7917 0
7918 1
7919 1
7920 1
7921 0
7922 1
7923 0
7924 2
7925 0
7926 2
7927 0
7928 0
7929 1
7930 0
7931 2
7932 1
7933 2
7934 2
7935 0
7936 0
7937 0
7938 0
7939 0
7940 0
7941 1
7942 0
7943 0
7944 0
7945 4
7946 1
7947 2
7948 2
7949 0
7950 0
7951 0
7952 0
7953 1
7954 0
7955 2
7956 1
7957 0
7958 1
7959 3
7960 1
7961 1
7962 2
7963 0
7964 3
7965 1
7966 1
7967 1
7968 1
7969 0
7970 1
7971 0
7972 0
7973 0
7974 1
7975 2
7976 1
7977 0
7978 1
7979 2
7980 5
7981 1
7982 0
7983 2
7984 0
7985 1
7986 2
7987 0
7988 0
7989 1
7990 1
7991 1
7992 1
7993 0
7994 0
7995 0
7996 1
7997 1
7998 2
7999 0
8000 2
8001 0
8002 1
8003 1
8004 2
8005 2
8006 0
8007 1
8008 0
8009 1
8010 1
8011 0
8012 1
8013 1
8014 0
8015 0
8016 0
8017 0
8018 1
8019 0
8020 1
8021 1
8022 0
8023 1
8024 1
8025 0
8026 1
8027 1
8028 0
8029 0
8030 0
8031 0
8032 0
8033 0
8034 1
8035 1
8036 0
8037 1
8038 0
8039 1
8040 0
8041 1
8042 0
8043 0
8044 0
8045 1
8046 1
8047 0
8048 0
8049 2
8050 3
8051 0
8052 1
8053 0
8054 0
8055 0
8056 0
8057 0
8058 1
8059 0
8060 0
8061 0
8062 2
8063 1
8064 0
8065 1
8066 1
8067 0
8068 1
8069 2
8070 1
8071 0
8072 0
8073 0
8074 3
8075 2
8076 1
8077 0
8078 1
8079 0
8080 0
8081 0
8082 0
8083 0
8084 0
8085 0
8086 1
8087 0
8088 0
8089 0
8090 1
8091 0
8092 0
8093 1
8094 0
8095 0
8096 2
8097 0
8098 0
8099 0
8100 1
8101 1
8102 0
8103 0
8104 0
8105 0
8106 1
8107 0
8108 0
8109 0
8110 0
8111 2
8112 0
8113 1
8114 0
8115 0
8116 0
8117 0
8118 0
8119 1
8120 0
8121 1
8122 0
8123 0
8124 0
8125 0
8126 0
8127 2
8128 0
8129 0
8130 1
8131 1
8132 0
8133 0
8134 1
8135 0
8136 1
8137 0
8138 1
8139 0
8140 1
8141 2
8142 1
8143 0
8144 2
8145 0
8146 1
8147 1
8148 0
8149 1
8150 0
8151 2
8152 0
8153 2
8154 2
8155 1
8156 3
8157 0
8158 1
8159 0
8160 0
8161 1
8162 2
8163 2
8164 1
8165 1
8166 2
8167 0
8168 0
8169 1
8170 1
8171 1
8172 0
8173 1
8174 0
8175 1
8176 0
8177 0
8178 2
8179 0
8180 1
8181 2
8182 2
8183 0
8184 0
8185 1
8186 1
8187 0
8188 2
8189 0
8190 0
8191 1
8192 1
8193 0
8194 0
8195 0
8196 1
8197 1
8198 0
8199 1
8200 0
8201 2
8202 2
8203 0
8204 0
8205 0
8206 0
8207 2
8208 1
8209 0
8210 2
8211 1
8212 2
8213 1
8214 2
8215 0
8216 0
8217 1
8218 0
8219 0
8220 0
8221 0
8222 0
8223 0
8224 0
8225 2
8226 2
8227 1
8228 2
8229 1
8230 1
8231 0
8232 0
8233 0
8234 0
8235 0
8236 0
8237 0
8238 0
8239 0
8240 2
8241 2
8242 0
8243 0
8244 1
8245 0
8246 1
8247 0
8248 1
8249 1
8250 1
8251 1
8252 1
8253 0
8254 0
8255 1
8256 0
8257 0
8258 0
8259 0
8260 1
8261 0
8262 2
8263 1
8264 0
8265 2
8266 0
8267 0
8268 1
8269 1
8270 1
8271 0
8272 0
8273 0
8274 1
8275 0
8276 1
8277 0
8278 1
8279 2
8280 0
8281 1
8282 0
8283 1
8284 0
8285 0
8286 0
8287 0
8288 0
8289 1
8290 2
8291 0
8292 3
8293 2
8294 1
8295 0
8296 0
8297 0
8298 0
8299 1
8300 1
8301 0
8302 0
8303 1
8304 0
8305 0
8306 0
8307 0
8308 1
8309 1
8310 0
8311 1
8312 1
8313 2
8314 0
8315 1
8316 0
8317 0
8318 2
8319 0
8320 0
8321 1
8322 1
8323 0
8324 0
8325 1
8326 0
8327 0
8328 1
8329 0
8330 0
8331 1
8332 1
8333 1
8334 0
8335 0
8336 1
8337 0
8338 0
8339 0
8340 0
8341 1
8342 0
8343 0
8344 2
8345 0
8346 0
8347 0
8348 0
8349 0
8350 1
8351 0
8352 0
8353 0
8354 0
8355 0
8356 1
8357 0
8358 1
8359 0
8360 0
8361 2
8362 1
8363 0
8364 0
8365 0
8366 1
8367 1
8368 0
8369 2
8370 0
8371 2
8372 0
8373 1
8374 0
8375 0
8376 0
8377 1
8378 1
8379 0
8380 0
8381 0
8382 0
8383 0
8384 1
8385 2
8386 1
8387 1
8388 1
8389 1
8390 0
8391 1
8392 0
8393 0
8394 0
8395 0
8396 1
8397 0
8398 0
8399 1
8400 0
8401 0
8402 0
8403 1
8404 1
8405 1
8406 0
8407 0
8408 1
8409 0
8410 2
8411 0
8412 0
8413 0
8414 0
8415 1
8416 1
8417 0
8418 0
8419 0
8420 0
8421 1
8422 0
8423 0
8424 0
8425 0
8426 0
8427 0
8428 1
8429 0
8430 0
8431 0
8432 2
8433 1
8434 0
8435 0
8436 0
8437 3
8438 1
8439 2
8440 1
8441 2
8442 0
8443 1
8444 1
8445 0
8446 0
8447 2
8448 0
8449 1
8450 2
8451 0
8452 0
8453 1
8454 1
8455 1
8456 3
8457 1
8458 0
8459 1
8460 0
8461 1
8462 2
8463 1
8464 0
8465 0
8466 0
8467 1
8468 0
8469 1
8470 1
8471 1
8472 3
8473 2
8474 1
8475 1
8476 1
8477 0
8478 0
8479 0
8480 0
8481 0
8482 0
8483 2
8484 0
8485 0
8486 0
8487 1
8488 2
8489 0
8490 0
8491 1
8492 1
8493 0
8494 0
8495 0
8496 0
8497 1
8498 0
8499 1
8500 0
8501 0
8502 0
8503 1
8504 0
8505 1
8506 0
8507 0
8508 0
8509 0
8510 0
8511 0
8512 2
8513 2
8514 1
8515 2
8516 2
8517 0
8518 0
8519 1
8520 1
8521 0
8522 0
8523 0
8524 1
8525 1
8526 0
8527 1
8528 0
8529 0
8530 0
8531 1
8532 2
8533 1
8534 0
8535 1
8536 0
8537 2
8538 0
8539 1
8540 0
8541 1
8542 1
8543 2
8544 1
8545 0
8546 0
8547 0
8548 1
8549 0
8550 0
8551 1
8552 1
8553 1
8554 0
8555 1
8556 0
8557 0
8558 1
8559 0
8560 0
8561 1
8562 1
8563 0
8564 1
8565 0
8566 1
8567 0
8568 0
8569 1
8570 2
8571 2
8572 1
8573 0
8574 1
8575 0
8576 0
8577 0
8578 0
8579 0
8580 0
8581 0
8582 0
8583 0
8584 2
8585 0
8586 2
8587 0
8588 1
8589 1
8590 1
8591 0
8592 0
8593 0
8594 0
8595 0
8596 1
8597 1
8598 0
8599 1
8600 1
8601 1
8602 1
8603 0
8604 1
8605 0
8606 3
8607 1
8608 0
8609 1
8610 0
8611 0
8612 0
8613 0
8614 0
8615 0
8616 2
8617 0
8618 1
8619 0
8620 0
8621 0
8622 0
8623 0
8624 2
8625 1
8626 0
8627 1
8628 1
8629 1
8630 1
8631 0
8632 0
8633 0
8634 0
8635 0
8636 0
8637 0
8638 0
8639 0
8640 0
8641 0
8642 2
8643 0
8644 2
8645 1
8646 0
8647 0
8648 2
8649 1
8650 0
8651 0
8652 0
8653 2
8654 0
8655 1
8656 0
8657 1
8658 1
8659 0
8660 1
8661 2
8662 0
8663 0
8664 0
8665 0
8666 0
8667 1
8668 0
8669 1
8670 0
8671 0
8672 1
8673 0
8674 0
8675 1
8676 0
8677 1
8678 2
8679 1
8680 1
8681 0
8682 1
8683 1
8684 0
8685 2
8686 1
8687 1
8688 0
8689 1
8690 1
8691 0
8692 0
8693 0
8694 2
8695 1
8696 1
8697 1
8698 0
8699 0
8700 2
8701 0
8702 0
8703 0
8704 1
8705 1
8706 1
8707 1
8708 0
8709 0
8710 1
8711 1
8712 0
8713 0
8714 1
8715 0
8716 2
8717 1
8718 2
8719 1
8720 2
8721 0
8722 0
8723 2
8724 1
8725 0
8726 0
8727 1
8728 2
8729 1
8730 2
8731 1
8732 0
8733 1
8734 0
8735 3
8736 1
8737 0
8738 0
8739 3
8740 0
8741 0
8742 0
8743 0
8744 0
8745 1
8746 0
8747 0
8748 1
8749 0
8750 0
8751 0
8752 1
8753 1
8754 0
8755 0
8756 1
8757 1
8758 1
8759 0
8760 1
8761 0
8762 0
8763 0
8764 2
8765 0
8766 0
8767 2
8768 0
8769 2
8770 0
8771 0
8772 1
8773 0
8774 1
8775 1
8776 0
8777 0
8778 0
8779 0
8780 0
8781 2
8782 0
8783 0
8784 0
8785 0
8786 1
8787 0
8788 1
8789 1
8790 0
8791 0
8792 1
8793 1
8794 0
8795 1
8796 0
8797 0
8798 0
8799 1
8800 1
8801 0
8802 0
8803 2
8804 1
8805 3
8806 1
8807 1
8808 1
8809 3
8810 1
8811 2
8812 0
8813 0
8814 1
8815 1
8816 1
8817 0
8818 0
8819 0
8820 0
8821 0
8822 1
8823 1
8824 0
8825 0
8826 1
8827 1
8828 1
8829 0
8830 0
8831 1
8832 0
8833 0
8834 0
8835 1
8836 0
8837 1
8838 1
8839 1
8840 1
8841 0
8842 3
8843 1
8844 2
8845 1
8846 2
8847 1
8848 1
8849 0
8850 0
8851 1
8852 0
8853 1
8854 0
8855 0
8856 0
8857 0
8858 2
8859 0
8860 0
8861 0
8862 1
8863 2
8864 0
8865 0
8866 0
8867 0
8868 0
8869 0
8870 0
8871 1
8872 1
8873 0
8874 0
8875 2
8876 0
8877 0
8878 0
8879 0
8880 1
8881 0
8882 0
8883 0
8884 1
8885 1
8886 0
8887 1
8888 0
8889 0
8890 1
8891 1
8892 0
8893 0
8894 2
8895 0
8896 1
8897 0
8898 0
8899 1
8900 0
8901 2
8902 0
8903 0
8904 0
8905 1
8906 0
8907 0
8908 0
8909 0
8910 0
8911 2
8912 0
8913 1
8914 1
8915 2
8916 2
8917 0
8918 1
8919 0
8920 1
8921 1
8922 0
8923 0
8924 1
8925 0
8926 1
8927 0
8928 0
8929 0
8930 0
8931 1
8932 0
8933 1
8934 1
8935 0
8936 0
8937 0
8938 1
8939 1
8940 1
8941 0
8942 1
8943 0
8944 1
8945 1
8946 1
8947 0
8948 1
8949 0
8950 0
8951 0
8952 1
8953 0
8954 0
8955 0
8956 0
8957 2
8958 3
8959 1
8960 0
8961 2
8962 0
8963 1
8964 0
8965 0
8966 1
8967 0
8968 0
8969 0
8970 1
8971 0
8972 1
8973 2
8974 3
8975 0
8976 0
8977 0
8978 0
8979 0
8980 0
8981 0
8982 0
8983 1
8984 1
8985 1
8986 0
8987 0
8988 2
8989 0
8990 1
8991 0
8992 1
8993 0
8994 0
8995 0
8996 0
8997 0
8998 0
8999 1
9000 1
9001 2
9002 0
9003 0
9004 0
9005 0
9006 1
9007 0
9008 0
9009 1
9010 2
9011 0
9012 0
9013 3
9014 1
9015 1
9016 0
9017 0
9018 0
9019 0
9020 1
9021 1
9022 1
9023 1
9024 0
9025 1
9026 1
9027 0
9028 0
9029 3
9030 0
9031 0
9032 0
9033 0
9034 0
9035 0
9036 3
9037 0
9038 1
9039 0
9040 0
9041 0
9042 1
9043 1
9044 1
9045 0
9046 0
9047 1
9048 0
9049 0
9050 0
9051 1
9052 1
9053 1
9054 0
9055 0
9056 0
9057 0
9058 1
9059 0
9060 1
9061 0
9062 0
9063 1
9064 1
9065 0
9066 0
9067 0
9068 1
9069 0
9070 0
9071 0
9072 0
9073 0
9074 0
9075 0
9076 0
9077 0
9078 0
9079 0
9080 1
9081 0
9082 2
9083 0
9084 0
9085 0
9086 2
9087 0
9088 0
9089 1
9090 0
9091 1
9092 0
9093 0
9094 0
9095 0
9096 0
9097 1
9098 0
9099 2
9100 1
9101 2
9102 0
9103 0
9104 0
9105 0
9106 0
9107 0
9108 1
9109 1
9110 0
9111 0
9112 0
9113 1
9114 0
9115 0
9116 2
9117 0
9118 0
9119 1
9120 0
9121 0
9122 1
9123 1
9124 0
9125 0
9126 0
9127 3
9128 1
9129 0
9130 0
9131 0
9132 0
9133 0
9134 0
9135 0
9136 0
9137 0
9138 0
9139 1
9140 0
9141 3
9142 2
9143 0
9144 0
9145 0
9146 1
9147 0
9148 0
9149 0
9150 0
9151 1
9152 2
9153 0
9154 1
9155 0
9156 0
9157 1
9158 1
9159 0
9160 0
9161 1
9162 0
9163 1
9164 1
9165 0
9166 1
9167 0
9168 2
9169 0
9170 1
9171 2
9172 0
9173 0
9174 1
9175 0
9176 0
9177 1
9178 2
9179 1
9180 1
9181 3
9182 0
9183 0
9184 0
9185 0
9186 1
9187 0
9188 0
9189 1
9190 1
9191 1
9192 1
9193 0
9194 1
9195 1
9196 0
9197 0
9198 3
9199 1
9200 0
9201 1
9202 1
9203 0
9204 1
9205 0
9206 0
9207 0
9208 1
9209 0
9210 1
9211 0
9212 2
9213 0
9214 1
9215 0
9216 0
9217 0
9218 0
9219 1
9220 1
9221 0
9222 0
9223 2
9224 1
9225 0
9226 0
9227 0
9228 0
9229 0
9230 0
9231 0
9232 2
9233 0
9234 0
9235 0
9236 0
9237 1
9238 0
9239 0
9240 1
9241 0
9242 1
9243 1
9244 0
9245 1
9246 0
9247 0
9248 1
9249 0
9250 0
9251 1
9252 2
9253 0
9254 0
9255 1
9256 0
9257 0
9258 0
9259 0
9260 1
9261 1
9262 1
9263 0
9264 0
9265 2
9266 0
9267 1
9268 0
9269 0
9270 3
9271 0
9272 0
9273 0
9274 1
9275 0
9276 0
9277 0
9278 0
9279 0
9280 0
9281 0
9282 0
9283 0
9284 2
9285 0
9286 0
9287 1
9288 1
9289 0
9290 0
9291 0
9292 1
9293 0
9294 1
9295 2
9296 0
9297 0
9298 1
9299 0
9300 3
9301 0
9302 1
9303 0
9304 0
9305 1
9306 0
9307 1
9308 0
9309 1
9310 1
9311 0
9312 2
9313 0
9314 0
9315 0
9316 0
9317 2
9318 0
9319 1
9320 0
9321 0
9322 1
9323 1
9324 0
9325 0
9326 0
9327 1
9328 0
9329 0
9330 0
9331 0
9332 0
9333 1
9334 0
9335 1
9336 2
9337 1
9338 0
9339 1
9340 1
9341 0
9342 2
9343 1
9344 0
9345 0
9346 0
9347 0
9348 0
9349 0
9350 2
9351 0
9352 0
9353 0
9354 0
9355 0
9356 0
9357 0
9358 1
9359 1
9360 1
9361 0
9362 0
9363 0
9364 2
9365 0
9366 0
9367 0
9368 1
9369 2
9370 1
9371 0
9372 0
9373 0
9374 0
9375 0
9376 2
9377 1
9378 2
9379 1
9380 0
9381 0
9382 0
9383 1
9384 3
9385 0
9386 0
9387 0
9388 0
9389 0
9390 0
9391 1
9392 0
9393 0
9394 1
9395 0
9396 1
9397 1
9398 1
9399 0
9400 1
9401 1
9402 0
9403 1
9404 0
9405 0
9406 0
9407 0
9408 1
9409 0
9410 2
9411 1
9412 1
9413 0
9414 0
9415 2
9416 0
9417 0
9418 0
9419 2
9420 0
9421 0
9422 0
9423 0
9424 1
9425 0
9426 1
9427 0
9428 0
9429 0
9430 0
9431 1
9432 1
9433 2
9434 1
9435 1
9436 2
9437 0
9438 0
9439 1
9440 0
9441 0
9442 0
9443 1
9444 1
9445 1
9446 0
9447 0
9448 0
9449 0
9450 0
9451 1
9452 1
9453 0
9454 1
9455 1
9456 1
9457 0
9458 1
9459 0
9460 1
9461 1
9462 1
9463 0
9464 0
9465 1
9466 0
9467 0
9468 2
9469 0
9470 1
9471 0
9472 0
9473 1
9474 0
9475 1
9476 0
9477 1
9478 0
9479 1
9480 0
9481 0
9482 1
9483 1
9484 1
9485 0
9486 1
9487 0
9488 2
9489 1
9490 3
9491 1
9492 1
9493 1
9494 0
9495 0
9496 0
9497 1
9498 0
9499 1
9500 0
9501 0
9502 0
9503 2
9504 2
9505 0
9506 0
9507 0
9508 0
9509 0
9510 0
9511 1
9512 1
9513 0
9514 1
9515 0
9516 0
9517 0
9518 0
9519 2
9520 0
9521 0
9522 0
9523 0
9524 1
9525 1
9526 0
9527 0
9528 1
9529 1
9530 0
9531 1
9532 0
9533 0
9534 1
9535 1
9536 1
9537 1
9538 2
9539 1
9540 2
9541 0
9542 0
9543 1
9544 3
9545 1
9546 0
9547 0
9548 1
9549 0
9550 0
9551 1
9552 0
9553 0
9554 0
9555 3
9556 1
9557 0
9558 0
9559 0
9560 0
9561 1
9562 0
9563 0
9564 0
9565 0
9566 0
9567 1
9568 0
9569 0
9570 1
9571 0
9572 0
9573 1
9574 0
9575 1
9576 0
9577 0
9578 1
9579 1
9580 0
9581 0
9582 0
9583 0
9584 0
9585 0
9586 0
9587 0
9588 0
9589 0
9590 2
9591 1
9592 0
9593 0
9594 1
9595 0
9596 0
9597 0
9598 1
9599 0
9600 0
9601 2
9602 1
9603 0
9604 0
9605 2
9606 0
9607 1
9608 0
9609 2
9610 0
9611 0
9612 0
9613 1
9614 0
9615 2
9616 0
9617 0
9618 2
9619 0
9620 0
9621 0
9622 0
9623 1
9624 1
9625 1
9626 1
9627 0
9628 1
9629 0
9630 1
9631 0
9632 1
9633 0
9634 0
9635 0
9636 1
9637 0
9638 0
9639 2
9640 2
9641 1
9642 0
9643 0
9644 0
9645 0
9646 1
9647 0
9648 0
9649 1
9650 1
9651 0
9652 0
9653 0
9654 0
9655 0
9656 0
9657 0
9658 0
9659 0
9660 0
9661 0
9662 2
9663 0
9664 0
9665 0
9666 0
9667 0
9668 0
9669 0
9670 1
9671 0
9672 0
9673 0
9674 1
9675 1
9676 0
9677 0
9678 0
9679 1
9680 0
9681 0
9682 0
9683 0
9684 0
9685 0
9686 0
9687 0
9688 1
9689 0
9690 0
9691 1
9692 1
9693 0
9694 1
9695 0
9696 1
9697 2
9698 0
9699 0
9700 0
9701 0
9702 0
9703 0
9704 1
9705 1
9706 0
9707 0
9708 1
9709 1
9710 2
9711 1
9712 0
9713 0
9714 0
9715 0
9716 1
9717 0
9718 1
9719 1
9720 0
9721 1
9722 0
9723 0
9724 0
9725 1
9726 0
9727 1
9728 0
9729 0
9730 0
9731 1
9732 0
9733 0
9734 0
9735 1
9736 0
9737 1
9738 0
9739 0
9740 1
9741 0
9742 0
9743 0
9744 0
9745 2
9746 1
9747 1
9748 0
9749 0
9750 0
9751 1
9752 0
9753 0
9754 0
9755 0
9756 0
9757 0
9758 2
9759 0
9760 0
9761 0
9762 0
9763 1
9764 0
9765 1
9766 1
9767 0
9768 1
9769 0
9770 0
9771 0
9772 1
9773 0
9774 2
9775 1
9776 0
9777 0
9778 0
9779 0
9780 0
9781 1
9782 0
9783 0
9784 1
9785 1
9786 0
9787 0
9788 1
9789 1
9790 1
9791 0
9792 0
9793 0
9794 1
9795 0
9796 1
9797 0
9798 0
9799 0
9800 0
9801 1
9802 1
9803 0
9804 0
9805 0
9806 0
9807 0
9808 1
9809 1
9810 0
9811 0
9812 1
9813 0
9814 0
9815 1
9816 0
9817 0
9818 2
9819 0
9820 0
9821 0
9822 1
9823 0
9824 0
9825 2
9826 0
9827 0
9828 0
9829 0
9830 0
9831 0
9832 0
9833 0
9834 0
9835 0
9836 0
9837 1
9838 1
9839 0
9840 1
9841 0
9842 0
9843 1
9844 0
9845 0
9846 0
9847 0
9848 0
9849 1
9850 0
9851 0
9852 2
9853 0
9854 0
9855 0
9856 0
9857 0
9858 0
9859 0
9860 0
9861 0
9862 0
9863 0
9864 1
9865 1
9866 0
9867 0
9868 0
9869 0
9870 0
9871 0
9872 0
9873 1
9874 1
9875 0
9876 0
9877 2
9878 0
9879 0
9880 0
9881 0
9882 0
9883 0
9884 0
9885 0
9886 0
9887 0
9888 0
9889 0
9890 0
9891 0
9892 1
9893 0
9894 0
9895 0
9896 0
9897 1
9898 0
9899 0
9900 0
9901 0
9902 1
9903 0
9904 0
9905 0
9906 1
9907 1
9908 0
9909 0
9910 0
9911 0
9912 0
9913 1
9914 1
9915 0
9916 0
9917 0
9918 0
9919 0
9920 0
9921 0
9922 0
9923 1
9924 1
9925 0
9926 0
9927 1
9928 0
9929 0
9930 0
9931 0
9932 0
9933 0
9934 0
9935 1
9936 0
9937 2
9938 0
9939 0
9940 1
9941 1
9942 0
9943 0
9944 0
9945 0
9946 0
9947 0
9948 0
9949 1
9950 2
9951 2
9952 0
9953 0
9954 0
9955 0
9956 0
9957 0
9958 0
9959 0
9960 0
9961 0
9962 1
9963 0
9964 0
9965 0
9966 1
9967 0
9968 0
9969 0
9970 0
9971 1
9972 1
9973 0
9974 0
9975 0
9976 0
9977 0
9978 0
9979 0
9980 2
9981 0
9982 0
9983 0
9984 0
9985 1
9986 0
9987 0
9988 2
9989 1
9990 0
9991 1
9992 0
9993 0
9994 0
9995 2
9996 0
9997 0
9998 0
9999 1
10000 0
10001 2487
