# Title:27-mer spectra for: derep02.fa
# XLabel:27-mer frequency
# YLabel:# distinct 27-mers
# Kmer value:27
# Input 1:dereplicated_fasta/derep02.fa
###
1 8365111
2 993491
3 459300
4 282064
5 191573
6 140464
7 105758
8 83496
9 67587
10 55530
11 46556
12 39827
13 34596
14 30454
15 26490
16 23586
17 21323
18 18969
19 17164
20 15631
21 14227
22 12668
23 12333
24 11313
25 10841
26 10061
27 9282
28 8455
29 8133
30 7783
31 7244
32 7084
33 6384
34 6288
35 5578
36 5536
37 5209
38 4978
39 4712
40 4489
41 4300
42 4040
43 3864
44 3661
45 3672
46 3396
47 3335
48 3312
49 3036
50 2951
51 2928
52 2714
53 2652
54 2564
55 2498
56 2500
57 2340
58 2148
59 2351
60 2205
61 2151
62 2018
63 2107
64 1940
65 1976
66 1863
67 1788
68 1711
69 1703
70 1596
71 1599
72 1540
73 1472
74 1478
75 1403
76 1368
77 1411
78 1387
79 1351
80 1304
81 1306
82 1273
83 1292
84 1140
85 1159
86 1099
87 1121
88 1162
89 1041
90 998
91 1001
92 1008
93 977
94 995
95 950
96 944
97 936
98 962
99 925
100 930
101 878
102 870
103 877
104 852
105 847
106 835
107 793
108 758
109 765
110 761
111 754
112 685
113 714
114 633
115 628
116 663
117 632
118 626
119 600
120 638
121 590
122 661
123 600
124 567
125 550
126 502
127 602
128 596
129 581
130 579
131 583
132 552
133 562
134 494
135 462
136 504
137 508
138 525
139 460
140 447
141 468
142 483
143 448
144 417
145 449
146 451
147 435
148 449
149 438
150 400
151 441
152 431
153 425
154 420
155 410
156 380
157 409
158 394
159 392
160 368
161 360
162 378
163 371
164 359
165 411
166 385
167 368
168 338
169 337
170 357
171 339
172 339
173 345
174 294
175 301
176 350
177 390
178 341
179 335
180 336
181 331
182 337
183 319
184 312
185 341
186 302
187 289
188 315
189 277
190 273
191 311
192 309
193 289
194 316
195 323
196 301
197 296
198 282
199 292
200 300
201 285
202 285
203 306
204 278
205 239
206 261
207 233
208 268
209 251
210 253
211 278
212 251
213 242
214 229
215 272
216 240
217 228
218 263
219 248
220 237
221 209
222 234
223 220
224 235
225 223
226 238
227 217
228 202
229 229
230 236
231 222
232 206
233 213
234 203
235 181
236 182
237 188
238 177
239 183
240 178
241 206
242 187
243 193
244 197
245 175
246 167
247 170
248 169
249 169
250 209
251 184
252 163
253 164
254 173
255 170
256 198
257 162
258 193
259 176
260 144
261 177
262 143
263 190
264 175
265 178
266 159
267 175
268 167
269 174
270 132
271 130
272 155
273 145
274 141
275 142
276 143
277 137
278 130
279 122
280 134
281 137
282 125
283 135
284 110
285 144
286 127
287 132
288 107
289 126
290 142
291 122
292 150
293 127
294 122
295 114
296 132
297 127
298 139
299 118
300 137
301 140
302 141
303 123
304 134
305 132
306 141
307 144
308 106
309 112
310 127
311 110
312 116
313 116
314 109
315 131
316 119
317 120
318 116
319 114
320 98
321 130
322 118
323 92
324 92
325 118
326 117
327 100
328 110
329 85
330 95
331 88
332 113
333 106
334 125
335 80
336 100
337 116
338 98
339 98
340 104
341 98
342 94
343 112
344 93
345 92
346 86
347 93
348 91
349 83
350 83
351 78
352 86
353 79
354 96
355 73
356 88
357 88
358 100
359 95
360 82
361 81
362 83
363 89
364 79
365 96
366 73
367 87
368 76
369 74
370 78
371 91
372 82
373 76
374 87
375 79
376 85
377 80
378 90
379 72
380 77
381 90
382 98
383 93
384 72
385 80
386 74
387 74
388 88
389 65
390 73
391 65
392 88
393 66
394 71
395 92
396 82
397 84
398 63
399 82
400 83
401 82
402 66
403 74
404 92
405 64
406 78
407 79
408 73
409 69
410 76
411 71
412 54
413 64
414 79
415 72
416 77
417 60
418 91
419 66
420 66
421 73
422 74
423 80
424 72
425 75
426 62
427 73
428 75
429 68
430 70
431 60
432 50
433 47
434 70
435 52
436 61
437 76
438 54
439 67
440 58
441 66
442 62
443 66
444 60
445 65
446 66
447 55
448 59
449 62
450 62
451 51
452 64
453 68
454 57
455 69
456 52
457 73
458 67
459 58
460 52
461 71
462 58
463 61
464 47
465 50
466 72
467 50
468 52
469 65
470 55
471 54
472 55
473 52
474 60
475 52
476 58
477 62
478 56
479 49
480 62
481 68
482 58
483 63
484 52
485 57
486 47
487 65
488 44
489 66
490 66
491 46
492 66
493 50
494 48
495 72
496 53
497 59
498 53
499 52
500 61
501 42
502 49
503 64
504 59
505 45
506 49
507 51
508 46
509 43
510 46
511 39
512 45
513 40
514 52
515 52
516 43
517 52
518 39
519 49
520 40
521 40
522 53
523 33
524 45
525 47
526 34
527 37
528 49
529 51
530 45
531 46
532 52
533 44
534 40
535 47
536 44
537 47
538 47
539 53
540 35
541 49
542 47
543 47
544 48
545 49
546 30
547 52
548 29
549 35
550 39
551 41
552 53
553 35
554 41
555 46
556 40
557 42
558 47
559 36
560 42
561 43
562 47
563 58
564 37
565 44
566 41
567 40
568 39
569 39
570 40
571 33
572 30
573 33
574 52
575 44
576 29
577 37
578 46
579 36
580 38
581 37
582 42
583 38
584 36
585 34
586 42
587 40
588 36
589 46
590 30
591 40
592 29
593 40
594 40
595 29
596 32
597 34
598 36
599 30
600 28
601 30
602 17
603 27
604 34
605 37
606 34
607 31
608 47
609 34
610 32
611 30
612 28
613 30
614 32
615 25
616 28
617 24
618 35
619 39
620 38
621 36
622 31
623 35
624 39
625 41
626 22
627 37
628 32
629 23
630 33
631 26
632 43
633 31
634 27
635 26
636 36
637 25
638 27
639 22
640 23
641 22
642 32
643 37
644 39
645 28
646 35
647 32
648 25
649 29
650 27
651 23
652 25
653 40
654 38
655 32
656 25
657 34
658 31
659 29
660 22
661 21
662 29
663 28
664 27
665 31
666 33
667 25
668 30
669 25
670 30
671 31
672 18
673 28
674 30
675 41
676 26
677 39
678 29
679 35
680 30
681 27
682 36
683 22
684 33
685 28
686 32
687 24
688 21
689 23
690 35
691 23
692 24
693 30
694 27
695 37
696 31
697 29
698 23
699 16
700 28
701 34
702 31
703 24
704 24
705 14
706 23
707 30
708 27
709 30
710 28
711 25
712 17
713 29
714 19
715 19
716 25
717 25
718 29
719 22
720 23
721 22
722 26
723 34
724 23
725 16
726 23
727 24
728 17
729 31
730 24
731 22
732 25
733 16
734 27
735 18
736 22
737 31
738 21
739 20
740 25
741 24
742 22
743 26
744 20
745 30
746 18
747 15
748 38
749 34
750 16
751 27
752 30
753 20
754 22
755 25
756 23
757 20
758 36
759 34
760 26
761 24
762 31
763 29
764 28
765 30
766 32
767 29
768 22
769 26
770 31
771 29
772 26
773 23
774 20
775 30
776 25
777 32
778 18
779 25
780 20
781 31
782 29
783 29
784 21
785 27
786 31
787 25
788 24
789 32
790 15
791 30
792 31
793 22
794 17
795 19
796 27
797 20
798 24
799 14
800 23
801 7
802 30
803 22
804 16
805 20
806 24
807 21
808 16
809 23
810 16
811 14
812 21
813 17
814 27
815 16
816 24
817 15
818 29
819 13
820 15
821 16
822 17
823 20
824 12
825 21
826 19
827 15
828 11
829 11
830 18
831 18
832 21
833 14
834 26
835 15
836 11
837 16
838 14
839 20
840 21
841 12
842 16
843 15
844 17
845 15
846 23
847 23
848 19
849 18
850 19
851 10
852 15
853 18
854 12
855 16
856 24
857 10
858 16
859 23
860 11
861 11
862 17
863 16
864 22
865 19
866 19
867 16
868 13
869 20
870 19
871 13
872 15
873 22
874 13
875 14
876 21
877 19
878 20
879 20
880 21
881 13
882 8
883 19
884 13
885 21
886 20
887 15
888 16
889 20
890 14
891 18
892 17
893 20
894 6
895 13
896 15
897 11
898 25
899 10
900 15
901 22
902 16
903 16
904 9
905 14
906 17
907 17
908 9
909 14
910 9
911 10
912 21
913 17
914 14
915 20
916 11
917 12
918 11
919 18
920 9
921 10
922 18
923 20
924 18
925 17
926 14
927 17
928 14
929 15
930 12
931 18
932 12
933 18
934 23
935 13
936 11
937 16
938 18
939 16
940 13
941 10
942 14
943 9
944 17
945 11
946 10
947 16
948 12
949 13
950 11
951 12
952 14
953 17
954 12
955 13
956 16
957 15
958 16
959 8
960 11
961 11
962 8
963 11
964 14
965 20
966 16
967 13
968 12
969 10
970 13
971 12
972 18
973 9
974 11
975 15
976 13
977 11
978 17
979 15
980 15
981 13
982 19
983 16
984 12
985 11
986 13
987 5
988 18
989 9
990 13
991 16
992 13
993 18
994 16
995 18
996 16
997 9
998 23
999 15
1000 23
1001 12
1002 18
1003 18
1004 12
1005 7
1006 14
1007 10
1008 12
1009 13
1010 10
1011 12
1012 17
1013 12
1014 16
1015 10
1016 8
1017 19
1018 16
1019 11
1020 13
1021 12
1022 11
1023 11
1024 15
1025 7
1026 12
1027 13
1028 12
1029 15
1030 15
1031 15
1032 22
1033 9
1034 12
1035 12
1036 17
1037 9
1038 17
1039 14
1040 13
1041 10
1042 7
1043 15
1044 11
1045 14
1046 15
1047 9
1048 13
1049 10
1050 14
1051 11
1052 13
1053 10
1054 18
1055 13
1056 17
1057 12
1058 8
1059 9
1060 8
1061 18
1062 9
1063 10
1064 8
1065 9
1066 13
1067 12
1068 13
1069 13
1070 15
1071 9
1072 11
1073 12
1074 6
1075 16
1076 7
1077 4
1078 13
1079 18
1080 15
1081 11
1082 14
1083 12
1084 12
1085 7
1086 14
1087 6
1088 11
1089 7
1090 6
1091 11
1092 15
1093 12
1094 4
1095 12
1096 10
1097 11
1098 9
1099 7
1100 9
1101 10
1102 12
1103 5
1104 12
1105 3
1106 9
1107 11
1108 7
1109 15
1110 11
1111 9
1112 16
1113 11
1114 5
1115 8
1116 6
1117 10
1118 7
1119 11
1120 11
1121 9
1122 8
1123 12
1124 11
1125 14
1126 4
1127 13
1128 11
1129 12
1130 7
1131 8
1132 7
1133 9
1134 12
1135 11
1136 11
1137 11
1138 10
1139 7
1140 11
1141 13
1142 6
1143 9
1144 9
1145 6
1146 8
1147 11
1148 10
1149 4
1150 10
1151 12
1152 11
1153 7
1154 9
1155 16
1156 12
1157 15
1158 8
1159 7
1160 7
1161 13
1162 12
1163 10
1164 7
1165 6
1166 11
1167 9
1168 4
1169 12
1170 5
1171 8
1172 4
1173 9
1174 12
1175 10
1176 12
1177 7
1178 9
1179 14
1180 8
1181 5
1182 17
1183 7
1184 13
1185 11
1186 9
1187 8
1188 6
1189 13
1190 8
1191 9
1192 11
1193 14
1194 7
1195 14
1196 6
1197 13
1198 10
1199 9
1200 10
1201 7
1202 11
1203 9
1204 8
1205 11
1206 9
1207 7
1208 8
1209 9
1210 14
1211 7
1212 8
1213 10
1214 6
1215 15
1216 7
1217 11
1218 7
1219 7
1220 7
1221 8
1222 6
1223 9
1224 6
1225 6
1226 11
1227 3
1228 4
1229 24
1230 6
1231 5
1232 10
1233 7
1234 10
1235 8
1236 3
1237 13
1238 3
1239 9
1240 8
1241 14
1242 16
1243 10
1244 10
1245 4
1246 11
1247 11
1248 10
1249 10
1250 10
1251 8
1252 7
1253 12
1254 9
1255 3
1256 10
1257 9
1258 7
1259 11
1260 7
1261 5
1262 10
1263 12
1264 7
1265 13
1266 8
1267 13
1268 10
1269 7
1270 10
1271 9
1272 7
1273 5
1274 9
1275 6
1276 4
1277 8
1278 5
1279 8
1280 2
1281 9
1282 5
1283 4
1284 3
1285 8
1286 9
1287 13
1288 9
1289 7
1290 7
1291 7
1292 8
1293 4
1294 11
1295 7
1296 8
1297 8
1298 5
1299 5
1300 9
1301 8
1302 7
1303 7
1304 6
1305 7
1306 5
1307 10
1308 5
1309 14
1310 7
1311 9
1312 10
1313 8
1314 7
1315 10
1316 11
1317 9
1318 9
1319 10
1320 6
1321 9
1322 8
1323 6
1324 9
1325 4
1326 9
1327 6
1328 8
1329 6
1330 7
1331 10
1332 10
1333 6
1334 8
1335 5
1336 5
1337 7
1338 7
1339 9
1340 7
1341 2
1342 6
1343 7
1344 9
1345 7
1346 7
1347 5
1348 6
1349 9
1350 4
1351 7
1352 11
1353 5
1354 7
1355 8
1356 6
1357 8
1358 1
1359 4
1360 2
1361 9
1362 4
1363 5
1364 6
1365 9
1366 5
1367 4
1368 10
1369 4
1370 10
1371 11
1372 10
1373 4
1374 7
1375 10
1376 6
1377 2
1378 8
1379 4
1380 4
1381 3
1382 5
1383 2
1384 5
1385 4
1386 6
1387 8
1388 6
1389 6
1390 7
1391 2
1392 5
1393 7
1394 5
1395 3
1396 3
1397 5
1398 5
1399 2
1400 5
1401 5
1402 10
1403 3
1404 5
1405 6
1406 8
1407 8
1408 7
1409 11
1410 5
1411 0
1412 5
1413 2
1414 1
1415 6
1416 3
1417 6
1418 4
1419 8
1420 6
1421 2
1422 7
1423 6
1424 6
1425 7
1426 9
1427 6
1428 2
1429 10
1430 7
1431 2
1432 6
1433 5
1434 5
1435 9
1436 6
1437 6
1438 3
1439 6
1440 5
1441 5
1442 6
1443 7
1444 3
1445 4
1446 7
1447 2
1448 5
1449 1
1450 2
1451 5
1452 4
1453 5
1454 4
1455 6
1456 8
1457 5
1458 7
1459 6
1460 6
1461 5
1462 6
1463 2
1464 3
1465 4
1466 7
1467 4
1468 3
1469 3
1470 4
1471 6
1472 2
1473 5
1474 4
1475 6
1476 4
1477 4
1478 5
1479 1
1480 2
1481 4
1482 5
1483 5
1484 3
1485 5
1486 7
1487 3
1488 1
1489 2
1490 2
1491 4
1492 10
1493 4
1494 6
1495 5
1496 3
1497 4
1498 4
1499 3
1500 7
1501 2
1502 4
1503 1
1504 2
1505 3
1506 2
1507 6
1508 4
1509 5
1510 5
1511 2
1512 4
1513 5
1514 6
1515 5
1516 4
1517 2
1518 2
1519 5
1520 2
1521 3
1522 6
1523 3
1524 8
1525 4
1526 6
1527 5
1528 2
1529 5
1530 9
1531 2
1532 3
1533 2
1534 7
1535 5
1536 6
1537 5
1538 7
1539 3
1540 3
1541 9
1542 1
1543 4
1544 3
1545 3
1546 9
1547 9
1548 8
1549 5
1550 8
1551 2
1552 4
1553 3
1554 2
1555 5
1556 5
1557 6
1558 3
1559 3
1560 3
1561 6
1562 2
1563 5
1564 4
1565 7
1566 7
1567 5
1568 5
1569 8
1570 4
1571 4
1572 3
1573 5
1574 8
1575 6
1576 7
1577 3
1578 4
1579 3
1580 11
1581 1
1582 4
1583 9
1584 6
1585 3
1586 1
1587 6
1588 6
1589 5
1590 4
1591 3
1592 8
1593 8
1594 3
1595 3
1596 8
1597 4
1598 8
1599 9
1600 7
1601 8
1602 4
1603 5
1604 2
1605 5
1606 4
1607 8
1608 6
1609 8
1610 4
1611 4
1612 2
1613 11
1614 4
1615 9
1616 4
1617 7
1618 3
1619 3
1620 6
1621 2
1622 4
1623 8
1624 4
1625 4
1626 3
1627 6
1628 2
1629 4
1630 3
1631 3
1632 4
1633 4
1634 4
1635 2
1636 5
1637 6
1638 5
1639 3
1640 3
1641 1
1642 8
1643 4
1644 6
1645 1
1646 7
1647 4
1648 2
1649 4
1650 5
1651 1
1652 7
1653 4
1654 8
1655 9
1656 2
1657 0
1658 3
1659 2
1660 2
1661 10
1662 4
1663 6
1664 2
1665 0
1666 0
1667 0
1668 5
1669 5
1670 5
1671 6
1672 4
1673 4
1674 1
1675 3
1676 3
1677 4
1678 9
1679 4
1680 2
1681 5
1682 4
1683 6
1684 6
1685 3
1686 2
1687 9
1688 1
1689 5
1690 1
1691 2
1692 2
1693 0
1694 2
1695 2
1696 3
1697 1
1698 2
1699 3
1700 1
1701 0
1702 2
1703 6
1704 3
1705 3
1706 5
1707 7
1708 5
1709 4
1710 4
1711 2
1712 3
1713 3
1714 1
1715 6
1716 3
1717 2
1718 3
1719 1
1720 4
1721 4
1722 3
1723 5
1724 5
1725 3
1726 5
1727 4
1728 2
1729 3
1730 2
1731 1
1732 4
1733 4
1734 1
1735 1
1736 2
1737 1
1738 5
1739 0
1740 8
1741 3
1742 5
1743 2
1744 7
1745 3
1746 5
1747 2
1748 0
1749 2
1750 2
1751 3
1752 7
1753 5
1754 1
1755 0
1756 3
1757 8
1758 2
1759 4
1760 1
1761 5
1762 1
1763 4
1764 3
1765 1
1766 7
1767 5
1768 2
1769 5
1770 3
1771 3
1772 3
1773 7
1774 2
1775 2
1776 5
1777 3
1778 0
1779 5
1780 4
1781 1
1782 2
1783 3
1784 3
1785 1
1786 2
1787 1
1788 2
1789 2
1790 3
1791 3
1792 3
1793 6
1794 3
1795 7
1796 2
1797 3
1798 0
1799 0
1800 3
1801 3
1802 5
1803 0
1804 3
1805 3
1806 2
1807 3
1808 2
1809 3
1810 4
1811 4
1812 2
1813 5
1814 4
1815 2
1816 0
1817 7
1818 4
1819 4
1820 1
1821 2
1822 5
1823 5
1824 3
1825 2
1826 0
1827 5
1828 2
1829 2
1830 3
1831 4
1832 2
1833 4
1834 2
1835 2
1836 2
1837 1
1838 6
1839 7
1840 4
1841 3
1842 3
1843 3
1844 0
1845 2
1846 4
1847 3
1848 6
1849 6
1850 3
1851 3
1852 3
1853 3
1854 2
1855 3
1856 4
1857 5
1858 1
1859 2
1860 3
1861 4
1862 4
1863 3
1864 3
1865 5
1866 4
1867 2
1868 2
1869 3
1870 5
1871 2
1872 3
1873 2
1874 6
1875 3
1876 1
1877 2
1878 1
1879 3
1880 0
1881 2
1882 2
1883 0
1884 5
1885 2
1886 2
1887 1
1888 3
1889 1
1890 1
1891 5
1892 1
1893 5
1894 4
1895 3
1896 1
1897 1
1898 2
1899 4
1900 1
1901 5
1902 7
1903 4
1904 2
1905 4
1906 3
1907 4
1908 3
1909 4
1910 3
1911 3
1912 2
1913 1
1914 3
1915 4
1916 3
1917 4
1918 5
1919 2
1920 4
1921 3
1922 4
1923 2
1924 1
1925 4
1926 1
1927 2
1928 2
1929 4
1930 3
1931 5
1932 1
1933 4
1934 3
1935 5
1936 3
1937 0
1938 3
1939 3
1940 1
1941 1
1942 1
1943 6
1944 5
1945 4
1946 4
1947 3
1948 0
1949 3
1950 3
1951 1
1952 5
1953 1
1954 1
1955 0
1956 1
1957 2
1958 2
1959 2
1960 6
1961 2
1962 3
1963 2
1964 3
1965 3
1966 0
1967 0
1968 1
1969 2
1970 1
1971 1
1972 1
1973 2
1974 1
1975 5
1976 1
1977 3
1978 3
1979 3
1980 4
1981 2
1982 4
1983 3
1984 5
1985 1
1986 2
1987 2
1988 2
1989 4
1990 4
1991 6
1992 3
1993 0
1994 2
1995 2
1996 4
1997 1
1998 3
1999 3
2000 3
2001 5
2002 0
2003 0
2004 1
2005 5
2006 5
2007 3
2008 3
2009 2
2010 3
2011 3
2012 0
2013 3
2014 5
2015 2
2016 0
2017 1
2018 3
2019 1
2020 3
2021 2
2022 5
2023 4
2024 4
2025 1
2026 2
2027 3
2028 6
2029 4
2030 3
2031 2
2032 3
2033 1
2034 5
2035 3
2036 5
2037 8
2038 1
2039 1
2040 2
2041 1
2042 4
2043 0
2044 1
2045 1
2046 0
2047 2
2048 3
2049 1
2050 0
2051 1
2052 2
2053 4
2054 2
2055 2
2056 1
2057 1
2058 1
2059 2
2060 3
2061 2
2062 0
2063 6
2064 3
2065 4
2066 2
2067 2
2068 1
2069 1
2070 1
2071 2
2072 3
2073 5
2074 2
2075 1
2076 2
2077 4
2078 2
2079 2
2080 3
2081 3
2082 1
2083 5
2084 1
2085 1
2086 1
2087 4
2088 2
2089 2
2090 3
2091 2
2092 2
2093 3
2094 2
2095 2
2096 3
2097 1
2098 4
2099 4
2100 4
2101 3
2102 1
2103 1
2104 1
2105 1
2106 1
2107 3
2108 3
2109 2
2110 1
2111 1
2112 2
2113 1
2114 1
2115 1
2116 4
2117 0
2118 5
2119 2
2120 2
2121 1
2122 2
2123 2
2124 0
2125 0
2126 0
2127 4
2128 2
2129 2
2130 3
2131 1
2132 3
2133 4
2134 3
2135 3
2136 1
2137 2
2138 1
2139 1
2140 1
2141 2
2142 3
2143 2
2144 2
2145 1
2146 3
2147 4
2148 2
2149 2
2150 3
2151 3
2152 1
2153 3
2154 4
2155 2
2156 2
2157 2
2158 2
2159 1
2160 1
2161 3
2162 2
2163 3
2164 3
2165 2
2166 2
2167 5
2168 4
2169 2
2170 0
2171 4
2172 2
2173 3
2174 4
2175 3
2176 1
2177 5
2178 0
2179 3
2180 2
2181 5
2182 1
2183 0
2184 3
2185 2
2186 3
2187 5
2188 2
2189 3
2190 2
2191 3
2192 3
2193 2
2194 5
2195 1
2196 4
2197 2
2198 0
2199 2
2200 5
2201 4
2202 3
2203 4
2204 3
2205 3
2206 2
2207 5
2208 2
2209 0
2210 2
2211 6
2212 0
2213 1
2214 1
2215 1
2216 3
2217 1
2218 3
2219 2
2220 4
2221 0
2222 3
2223 1
2224 4
2225 1
2226 3
2227 2
2228 0
2229 0
2230 2
2231 3
2232 3
2233 5
2234 0
2235 2
2236 3
2237 2
2238 1
2239 4
2240 5
2241 4
2242 2
2243 1
2244 1
2245 4
2246 2
2247 0
2248 1
2249 1
2250 2
2251 0
2252 1
2253 3
2254 1
2255 0
2256 3
2257 4
2258 0
2259 3
2260 0
2261 4
2262 8
2263 0
2264 3
2265 2
2266 4
2267 3
2268 1
2269 3
2270 2
2271 1
2272 2
2273 4
2274 4
2275 2
2276 1
2277 5
2278 3
2279 0
2280 2
2281 4
2282 3
2283 3
2284 1
2285 2
2286 1
2287 1
2288 2
2289 2
2290 1
2291 1
2292 2
2293 2
2294 2
2295 1
2296 4
2297 1
2298 1
2299 4
2300 2
2301 8
2302 2
2303 1
2304 0
2305 3
2306 3
2307 1
2308 4
2309 1
2310 0
2311 0
2312 1
2313 0
2314 1
2315 4
2316 1
2317 2
2318 1
2319 3
2320 0
2321 1
2322 4
2323 1
2324 1
2325 1
2326 2
2327 0
2328 0
2329 3
2330 0
2331 2
2332 1
2333 1
2334 1
2335 4
2336 3
2337 1
2338 2
2339 3
2340 6
2341 1
2342 1
2343 0
2344 4
2345 1
2346 3
2347 1
2348 1
2349 2
2350 1
2351 1
2352 0
2353 3
2354 1
2355 1
2356 2
2357 0
2358 4
2359 0
2360 1
2361 3
2362 1
2363 1
2364 3
2365 0
2366 1
2367 2
2368 0
2369 2
2370 1
2371 1
2372 0
2373 2
2374 3
2375 2
2376 1
2377 1
2378 0
2379 1
2380 1
2381 1
2382 3
2383 2
2384 3
2385 1
2386 3
2387 1
2388 1
2389 2
2390 0
2391 2
2392 1
2393 1
2394 3
2395 4
2396 1
2397 2
2398 1
2399 3
2400 2
2401 0
2402 1
2403 1
2404 1
2405 1
2406 2
2407 1
2408 0
2409 0
2410 1
2411 3
2412 1
2413 2
2414 3
2415 2
2416 1
2417 2
2418 2
2419 3
2420 1
2421 0
2422 0
2423 0
2424 3
2425 1
2426 1
2427 2
2428 2
2429 0
2430 2
2431 2
2432 1
2433 1
2434 1
2435 1
2436 1
2437 3
2438 3
2439 2
2440 1
2441 0
2442 0
2443 2
2444 0
2445 2
2446 1
2447 2
2448 2
2449 0
2450 1
2451 1
2452 0
2453 2
2454 5
2455 3
2456 3
2457 2
2458 2
2459 3
2460 1
2461 0
2462 3
2463 1
2464 0
2465 1
2466 1
2467 2
2468 0
2469 2
2470 3
2471 3
2472 1
2473 0
2474 2
2475 0
2476 1
2477 2
2478 1
2479 1
2480 2
2481 1
2482 2
2483 1
2484 3
2485 0
2486 1
2487 0
2488 0
2489 2
2490 1
2491 1
2492 2
2493 0
2494 1
2495 4
2496 2
2497 2
2498 4
2499 1
2500 0
2501 1
2502 6
2503 0
2504 1
2505 0
2506 2
2507 1
2508 2
2509 2
2510 0
2511 1
2512 1
2513 2
2514 2
2515 2
2516 1
2517 2
2518 2
2519 1
2520 1
2521 2
2522 3
2523 3
2524 1
2525 0
2526 4
2527 1
2528 2
2529 1
2530 2
2531 3
2532 1
2533 2
2534 1
2535 1
2536 1
2537 1
2538 4
2539 1
2540 4
2541 1
2542 2
2543 4
2544 3
2545 0
2546 0
2547 2
2548 3
2549 0
2550 2
2551 1
2552 2
2553 0
2554 2
2555 1
2556 2
2557 0
2558 3
2559 0
2560 1
2561 0
2562 0
2563 0
2564 1
2565 2
2566 1
2567 2
2568 1
2569 0
2570 1
2571 0
2572 1
2573 1
2574 3
2575 2
2576 1
2577 1
2578 0
2579 2
2580 0
2581 1
2582 0
2583 4
2584 2
2585 2
2586 3
2587 2
2588 2
2589 2
2590 2
2591 2
2592 0
2593 1
2594 0
2595 2
2596 3
2597 2
2598 1
2599 0
2600 3
2601 1
2602 0
2603 3
2604 0
2605 1
2606 3
2607 1
2608 0
2609 0
2610 2
2611 2
2612 1
2613 1
2614 4
2615 0
2616 2
2617 1
2618 2
2619 2
2620 1
2621 4
2622 1
2623 0
2624 0
2625 0
2626 1
2627 0
2628 1
2629 0
2630 3
2631 0
2632 0
2633 1
2634 5
2635 4
2636 1
2637 2
2638 1
2639 0
2640 2
2641 1
2642 2
2643 2
2644 3
2645 0
2646 0
2647 1
2648 2
2649 1
2650 1
2651 1
2652 1
2653 1
2654 4
2655 1
2656 3
2657 0
2658 0
2659 0
2660 2
2661 0
2662 2
2663 2
2664 0
2665 2
2666 2
2667 0
2668 1
2669 3
2670 4
2671 3
2672 0
2673 2
2674 1
2675 1
2676 2
2677 0
2678 1
2679 0
2680 0
2681 1
2682 3
2683 2
2684 4
2685 2
2686 3
2687 1
2688 2
2689 4
2690 1
2691 0
2692 0
2693 1
2694 0
2695 2
2696 2
2697 0
2698 1
2699 2
2700 1
2701 3
2702 1
2703 3
2704 2
2705 0
2706 1
2707 2
2708 1
2709 0
2710 2
2711 0
2712 0
2713 3
2714 2
2715 2
2716 2
2717 1
2718 2
2719 1
2720 2
2721 2
2722 1
2723 1
2724 0
2725 0
2726 2
2727 1
2728 1
2729 3
2730 1
2731 0
2732 1
2733 5
2734 0
2735 0
2736 1
2737 0
2738 0
2739 1
2740 2
2741 2
2742 2
2743 2
2744 1
2745 2
2746 3
2747 1
2748 1
2749 1
2750 1
2751 1
2752 2
2753 1
2754 1
2755 1
2756 1
2757 2
2758 0
2759 0
2760 0
2761 0
2762 1
2763 4
2764 1
2765 1
2766 0
2767 0
2768 0
2769 0
2770 0
2771 3
2772 1
2773 0
2774 0
2775 1
2776 0
2777 0
2778 3
2779 1
2780 1
2781 2
2782 0
2783 1
2784 0
2785 0
2786 1
2787 2
2788 0
2789 0
2790 1
2791 1
2792 1
2793 0
2794 0
2795 0
2796 1
2797 1
2798 0
2799 2
2800 0
2801 0
2802 1
2803 2
2804 2
2805 2
2806 0
2807 0
2808 1
2809 3
2810 1
2811 0
2812 2
2813 2
2814 0
2815 1
2816 0
2817 2
2818 1
2819 2
2820 1
2821 1
2822 1
2823 1
2824 0
2825 2
2826 1
2827 1
2828 2
2829 1
2830 1
2831 2
2832 0
2833 0
2834 1
2835 2
2836 2
2837 3
2838 0
2839 2
2840 0
2841 2
2842 0
2843 1
2844 2
2845 1
2846 2
2847 1
2848 3
2849 0
2850 1
2851 0
2852 3
2853 1
2854 1
2855 4
2856 2
2857 2
2858 0
2859 2
2860 2
2861 2
2862 0
2863 4
2864 0
2865 1
2866 2
2867 0
2868 0
2869 2
2870 2
2871 4
2872 2
2873 0
2874 3
2875 1
2876 2
2877 2
2878 0
2879 0
2880 1
2881 2
2882 0
2883 2
2884 2
2885 1
2886 3
2887 1
2888 1
2889 0
2890 3
2891 1
2892 1
2893 1
2894 1
2895 1
2896 1
2897 1
2898 2
2899 1
2900 3
2901 0
2902 2
2903 0
2904 4
2905 2
2906 0
2907 1
2908 1
2909 2
2910 0
2911 1
2912 2
2913 1
2914 4
2915 3
2916 3
2917 1
2918 2
2919 3
2920 1
2921 1
2922 1
2923 1
2924 3
2925 0
2926 2
2927 2
2928 2
2929 2
2930 0
2931 1
2932 1
2933 1
2934 1
2935 3
2936 0
2937 1
2938 1
2939 1
2940 1
2941 2
2942 2
2943 2
2944 1
2945 1
2946 1
2947 0
2948 2
2949 0
2950 1
2951 3
2952 2
2953 0
2954 4
2955 0
2956 2
2957 2
2958 1
2959 0
2960 3
2961 2
2962 2
2963 1
2964 3
2965 0
2966 2
2967 0
2968 1
2969 1
2970 3
2971 2
2972 2
2973 0
2974 1
2975 0
2976 2
2977 1
2978 1
2979 1
2980 3
2981 1
2982 1
2983 0
2984 1
2985 0
2986 0
2987 1
2988 2
2989 1
2990 2
2991 2
2992 1
2993 1
2994 4
2995 1
2996 3
2997 0
2998 3
2999 2
3000 1
3001 4
3002 1
3003 1
3004 0
3005 0
3006 1
3007 0
3008 1
3009 3
3010 4
3011 0
3012 2
3013 2
3014 0
3015 4
3016 3
3017 0
3018 1
3019 0
3020 1
3021 2
3022 2
3023 4
3024 0
3025 2
3026 0
3027 2
3028 3
3029 2
3030 0
3031 1
3032 0
3033 0
3034 0
3035 0
3036 0
3037 2
3038 0
3039 2
3040 3
3041 0
3042 0
3043 1
3044 2
3045 0
3046 0
3047 1
3048 0
3049 0
3050 1
3051 2
3052 2
3053 2
3054 2
3055 1
3056 1
3057 0
3058 1
3059 1
3060 2
3061 1
3062 2
3063 1
3064 2
3065 0
3066 1
3067 0
3068 1
3069 2
3070 0
3071 0
3072 1
3073 1
3074 1
3075 2
3076 1
3077 0
3078 2
3079 0
3080 1
3081 1
3082 0
3083 2
3084 0
3085 2
3086 2
3087 0
3088 0
3089 2
3090 4
3091 1
3092 1
3093 2
3094 2
3095 2
3096 1
3097 1
3098 1
3099 2
3100 0
3101 0
3102 0
3103 0
3104 0
3105 2
3106 1
3107 0
3108 0
3109 0
3110 0
3111 1
3112 4
3113 0
3114 1
3115 0
3116 0
3117 1
3118 1
3119 3
3120 4
3121 2
3122 0
3123 1
3124 0
3125 0
3126 1
3127 2
3128 1
3129 4
3130 0
3131 2
3132 0
3133 2
3134 1
3135 2
3136 0
3137 0
3138 1
3139 1
3140 0
3141 0
3142 1
3143 0
3144 0
3145 2
3146 0
3147 2
3148 3
3149 2
3150 0
3151 0
3152 0
3153 0
3154 1
3155 0
3156 3
3157 1
3158 3
3159 2
3160 2
3161 1
3162 1
3163 0
3164 1
3165 1
3166 0
3167 0
3168 0
3169 1
3170 3
3171 2
3172 0
3173 1
3174 1
3175 0
3176 1
3177 0
3178 1
3179 0
3180 1
3181 1
3182 0
3183 0
3184 0
3185 3
3186 2
3187 2
3188 2
3189 0
3190 2
3191 0
3192 0
3193 1
3194 2
3195 2
3196 1
3197 1
3198 0
3199 2
3200 0
3201 0
3202 1
3203 1
3204 2
3205 3
3206 2
3207 1
3208 1
3209 1
3210 2
3211 2
3212 0
3213 1
3214 6
3215 0
3216 0
3217 0
3218 2
3219 0
3220 0
3221 0
3222 1
3223 2
3224 4
3225 0
3226 0
3227 0
3228 2
3229 1
3230 0
3231 2
3232 1
3233 2
3234 1
3235 0
3236 1
3237 0
3238 0
3239 1
3240 1
3241 0
3242 2
3243 1
3244 0
3245 2
3246 0
3247 1
3248 0
3249 0
3250 0
3251 1
3252 1
3253 0
3254 0
3255 1
3256 1
3257 2
3258 2
3259 0
3260 2
3261 1
3262 1
3263 0
3264 2
3265 1
3266 1
3267 2
3268 1
3269 1
3270 0
3271 0
3272 0
3273 2
3274 0
3275 2
3276 0
3277 1
3278 1
3279 0
3280 0
3281 1
3282 0
3283 2
3284 4
3285 2
3286 2
3287 2
3288 1
3289 1
3290 1
3291 1
3292 1
3293 0
3294 0
3295 0
3296 1
3297 0
3298 2
3299 0
3300 0
3301 1
3302 2
3303 3
3304 3
3305 0
3306 2
3307 0
3308 1
3309 2
3310 3
3311 0
3312 1
3313 0
3314 1
3315 2
3316 2
3317 0
3318 1
3319 1
3320 0
3321 0
3322 0
3323 0
3324 1
3325 1
3326 1
3327 3
3328 0
3329 3
3330 1
3331 1
3332 3
3333 1
3334 0
3335 1
3336 0
3337 2
3338 0
3339 1
3340 1
3341 0
3342 3
3343 0
3344 1
3345 2
3346 1
3347 1
3348 0
3349 1
3350 1
3351 0
3352 0
3353 0
3354 0
3355 1
3356 1
3357 0
3358 1
3359 0
3360 0
3361 1
3362 3
3363 1
3364 1
3365 0
3366 3
3367 0
3368 2
3369 1
3370 0
3371 0
3372 0
3373 2
3374 0
3375 0
3376 1
3377 0
3378 1
3379 0
3380 0
3381 0
3382 1
3383 0
3384 2
3385 1
3386 4
3387 1
3388 1
3389 0
3390 0
3391 2
3392 1
3393 0
3394 2
3395 0
3396 0
3397 0
3398 1
3399 0
3400 0
3401 0
3402 0
3403 1
3404 0
3405 1
3406 1
3407 0
3408 0
3409 0
3410 1
3411 1
3412 0
3413 1
3414 2
3415 1
3416 0
3417 0
3418 0
3419 2
3420 1
3421 0
3422 0
3423 2
3424 2
3425 1
3426 1
3427 0
3428 1
3429 0
3430 0
3431 1
3432 0
3433 0
3434 0
3435 0
3436 0
3437 0
3438 2
3439 2
3440 0
3441 3
3442 1
3443 1
3444 0
3445 0
3446 1
3447 0
3448 2
3449 1
3450 1
3451 0
3452 1
3453 0
3454 0
3455 2
3456 1
3457 0
3458 3
3459 0
3460 0
3461 1
3462 0
3463 4
3464 1
3465 0
3466 0
3467 0
3468 1
3469 0
3470 0
3471 1
3472 0
3473 3
3474 4
3475 1
3476 1
3477 3
3478 1
3479 0
3480 1
3481 3
3482 1
3483 0
3484 0
3485 2
3486 2
3487 1
3488 2
3489 0
3490 0
3491 0
3492 1
3493 0
3494 0
3495 0
3496 0
3497 0
3498 3
3499 2
3500 0
3501 1
3502 0
3503 1
3504 1
3505 2
3506 0
3507 0
3508 0
3509 0
3510 0
3511 2
3512 1
3513 0
3514 2
3515 1
3516 0
3517 1
3518 0
3519 0
3520 0
3521 1
3522 0
3523 1
3524 1
3525 1
3526 0
3527 2
3528 1
3529 0
3530 0
3531 0
3532 1
3533 1
3534 0
3535 1
3536 0
3537 1
3538 1
3539 4
3540 0
3541 0
3542 0
3543 1
3544 0
3545 0
3546 0
3547 1
3548 1
3549 0
3550 0
3551 0
3552 0
3553 1
3554 0
3555 0
3556 0
3557 0
3558 0
3559 0
3560 0
3561 1
3562 0
3563 1
3564 1
3565 1
3566 1
3567 1
3568 1
3569 0
3570 1
3571 1
3572 0
3573 2
3574 1
3575 1
3576 1
3577 0
3578 1
3579 0
3580 2
3581 2
3582 0
3583 1
3584 0
3585 1
3586 1
3587 0
3588 2
3589 0
3590 1
3591 1
3592 1
3593 0
3594 0
3595 0
3596 0
3597 0
3598 1
3599 0
3600 0
3601 0
3602 0
3603 1
3604 0
3605 1
3606 0
3607 1
3608 0
3609 0
3610 0
3611 0
3612 0
3613 0
3614 0
3615 1
3616 0
3617 1
3618 0
3619 0
3620 0
3621 0
3622 2
3623 0
3624 0
3625 0
3626 0
3627 0
3628 0
3629 0
3630 0
3631 1
3632 0
3633 0
3634 0
3635 1
3636 0
3637 2
3638 1
3639 0
3640 0
3641 1
3642 0
3643 0
3644 0
3645 1
3646 1
3647 2
3648 1
3649 0
3650 0
3651 0
3652 1
3653 1
3654 0
3655 0
3656 0
3657 1
3658 0
3659 0
3660 0
3661 0
3662 0
3663 0
3664 0
3665 0
3666 3
3667 0
3668 0
3669 0
3670 1
3671 0
3672 0
3673 0
3674 0
3675 0
3676 0
3677 0
3678 1
3679 1
3680 0
3681 0
3682 0
3683 1
3684 0
3685 0
3686 0
3687 0
3688 0
3689 0
3690 0
3691 0
3692 0
3693 0
3694 0
3695 1
3696 1
3697 1
3698 0
3699 0
3700 0
3701 0
3702 1
3703 0
3704 1
3705 0
3706 0
3707 0
3708 0
3709 0
3710 2
3711 0
3712 2
3713 2
3714 3
3715 0
3716 1
3717 1
3718 0
3719 1
3720 1
3721 1
3722 0
3723 0
3724 0
3725 0
3726 0
3727 0
3728 0
3729 0
3730 0
3731 1
3732 0
3733 1
3734 0
3735 1
3736 1
3737 0
3738 0
3739 1
3740 1
3741 1
3742 0
3743 0
3744 1
3745 1
3746 1
3747 0
3748 1
3749 0
3750 0
3751 1
3752 1
3753 1
3754 0
3755 0
3756 0
3757 0
3758 1
3759 0
3760 0
3761 0
3762 0
3763 2
3764 0
3765 0
3766 1
3767 1
3768 0
3769 0
3770 1
3771 0
3772 1
3773 1
3774 0
3775 0
3776 1
3777 0
3778 1
3779 0
3780 0
3781 1
3782 1
3783 0
3784 1
3785 1
3786 1
3787 2
3788 0
3789 0
3790 1
3791 0
3792 0
3793 0
3794 1
3795 0
3796 0
3797 0
3798 0
3799 0
3800 1
3801 1
3802 2
3803 0
3804 1
3805 0
3806 0
3807 1
3808 2
3809 1
3810 0
3811 0
3812 0
3813 1
3814 0
3815 0
3816 1
3817 0
3818 0
3819 0
3820 0
3821 1
3822 1
3823 0
3824 0
3825 0
3826 0
3827 0
3828 0
3829 0
3830 1
3831 0
3832 0
3833 0
3834 1
3835 0
3836 0
3837 0
3838 1
3839 1
3840 0
3841 0
3842 1
3843 0
3844 1
3845 0
3846 0
3847 0
3848 1
3849 0
3850 1
3851 0
3852 1
3853 0
3854 0
3855 0
3856 0
3857 0
3858 0
3859 0
3860 0
3861 1
3862 0
3863 0
3864 0
3865 1
3866 0
3867 0
3868 1
3869 0
3870 0
3871 0
3872 1
3873 1
3874 0
3875 1
3876 0
3877 0
3878 0
3879 0
3880 1
3881 0
3882 1
3883 0
3884 1
3885 0
3886 0
3887 0
3888 1
3889 0
3890 0
3891 1
3892 1
3893 1
3894 0
3895 1
3896 1
3897 0
3898 0
3899 3
3900 2
3901 0
3902 3
3903 0
3904 1
3905 2
3906 1
3907 2
3908 0
3909 0
3910 1
3911 0
3912 1
3913 0
3914 0
3915 0
3916 0
3917 0
3918 0
3919 1
3920 0
3921 2
3922 0
3923 0
3924 0
3925 0
3926 0
3927 1
3928 1
3929 0
3930 0
3931 1
3932 1
3933 0
3934 0
3935 1
3936 0
3937 0
3938 1
3939 1
3940 1
3941 0
3942 0
3943 0
3944 0
3945 2
3946 1
3947 0
3948 1
3949 0
3950 0
3951 0
3952 0
3953 0
3954 1
3955 0
3956 0
3957 1
3958 1
3959 1
3960 2
3961 0
3962 3
3963 1
3964 2
3965 0
3966 0
3967 2
3968 0
3969 1
3970 0
3971 1
3972 2
3973 0
3974 0
3975 3
3976 1
3977 1
3978 2
3979 1
3980 0
3981 1
3982 2
3983 1
3984 1
3985 0
3986 4
3987 0
3988 0
3989 0
3990 1
3991 1
3992 0
3993 0
3994 1
3995 3
3996 0
3997 1
3998 2
3999 0
4000 2
4001 0
4002 1
4003 0
4004 1
4005 0
4006 2
4007 0
4008 1
4009 0
4010 1
4011 0
4012 1
4013 1
4014 1
4015 0
4016 0
4017 2
4018 1
4019 0
4020 1
4021 0
4022 2
4023 0
4024 1
4025 1
4026 1
4027 1
4028 0
4029 0
4030 0
4031 1
4032 1
4033 1
4034 2
4035 0
4036 2
4037 0
4038 0
4039 4
4040 0
4041 0
4042 0
4043 0
4044 0
4045 0
4046 0
4047 0
4048 1
4049 0
4050 2
4051 0
4052 0
4053 0
4054 4
4055 0
4056 4
4057 1
4058 1
4059 0
4060 0
4061 0
4062 1
4063 0
4064 0
4065 0
4066 2
4067 0
4068 1
4069 2
4070 0
4071 0
4072 1
4073 1
4074 1
4075 2
4076 2
4077 3
4078 2
4079 0
4080 1
4081 0
4082 1
4083 0
4084 2
4085 2
4086 2
4087 1
4088 1
4089 0
4090 1
4091 0
4092 0
4093 0
4094 0
4095 0
4096 0
4097 3
4098 0
4099 2
4100 1
4101 1
4102 0
4103 1
4104 0
4105 3
4106 2
4107 0
4108 1
4109 0
4110 0
4111 0
4112 2
4113 1
4114 0
4115 1
4116 2
4117 2
4118 0
4119 1
4120 0
4121 0
4122 0
4123 1
4124 1
4125 1
4126 0
4127 0
4128 0
4129 0
4130 2
4131 1
4132 2
4133 1
4134 0
4135 0
4136 0
4137 0
4138 2
4139 1
4140 2
4141 1
4142 0
4143 0
4144 2
4145 1
4146 1
4147 3
4148 0
4149 1
4150 1
4151 1
4152 0
4153 0
4154 2
4155 2
4156 0
4157 1
4158 0
4159 2
4160 0
4161 0
4162 0
4163 0
4164 1
4165 0
4166 0
4167 0
4168 0
4169 0
4170 0
4171 0
4172 1
4173 2
4174 0
4175 1
4176 1
4177 1
4178 0
4179 0
4180 0
4181 3
4182 0
4183 0
4184 1
4185 0
4186 1
4187 1
4188 1
4189 3
4190 1
4191 0
4192 1
4193 0
4194 0
4195 1
4196 2
4197 1
4198 1
4199 0
4200 1
4201 0
4202 0
4203 0
4204 0
4205 2
4206 1
4207 0
4208 3
4209 0
4210 1
4211 1
4212 1
4213 0
4214 0
4215 0
4216 0
4217 2
4218 0
4219 0
4220 0
4221 1
4222 0
4223 1
4224 0
4225 1
4226 1
4227 0
4228 3
4229 1
4230 2
4231 3
4232 1
4233 2
4234 0
4235 0
4236 0
4237 0
4238 3
4239 0
4240 0
4241 1
4242 1
4243 0
4244 1
4245 1
4246 0
4247 0
4248 1
4249 0
4250 1
4251 2
4252 1
4253 3
4254 0
4255 1
4256 0
4257 0
4258 0
4259 0
4260 0
4261 1
4262 1
4263 2
4264 0
4265 1
4266 0
4267 0
4268 1
4269 1
4270 1
4271 0
4272 0
4273 0
4274 1
4275 2
4276 0
4277 1
4278 1
4279 2
4280 0
4281 0
4282 0
4283 0
4284 2
4285 0
4286 0
4287 1
4288 1
4289 1
4290 0
4291 2
4292 1
4293 1
4294 0
4295 0
4296 0
4297 0
4298 0
4299 2
4300 0
4301 1
4302 0
4303 0
4304 3
4305 0
4306 0
4307 0
4308 0
4309 4
4310 0
4311 1
4312 1
4313 1
4314 0
4315 0
4316 0
4317 0
4318 0
4319 0
4320 0
4321 0
4322 1
4323 0
4324 0
4325 1
4326 2
4327 0
4328 0
4329 0
4330 0
4331 1
4332 0
4333 0
4334 0
4335 1
4336 0
4337 1
4338 2
4339 0
4340 1
4341 0
4342 1
4343 2
4344 1
4345 1
4346 0
4347 2
4348 0
4349 2
4350 0
4351 0
4352 0
4353 0
4354 1
4355 0
4356 1
4357 0
4358 0
4359 0
4360 1
4361 0
4362 1
4363 1
4364 0
4365 2
4366 0
4367 2
4368 0
4369 0
4370 0
4371 0
4372 0
4373 3
4374 0
4375 1
4376 0
4377 0
4378 0
4379 0
4380 0
4381 0
4382 1
4383 0
4384 1
4385 0
4386 0
4387 0
4388 0
4389 1
4390 0
4391 1
4392 0
4393 0
4394 0
4395 2
4396 1
4397 0
4398 0
4399 1
4400 0
4401 0
4402 1
4403 1
4404 0
4405 1
4406 0
4407 0
4408 0
4409 3
4410 2
4411 0
4412 1
4413 1
4414 1
4415 0
4416 0
4417 0
4418 1
4419 1
4420 0
4421 1
4422 1
4423 0
4424 0
4425 0
4426 0
4427 1
4428 0
4429 0
4430 0
4431 0
4432 2
4433 2
4434 1
4435 0
4436 0
4437 0
4438 0
4439 1
4440 0
4441 1
4442 0
4443 0
4444 0
4445 0
4446 0
4447 0
4448 1
4449 2
4450 1
4451 0
4452 0
4453 1
4454 1
4455 0
4456 0
4457 1
4458 0
4459 0
4460 0
4461 1
4462 2
4463 0
4464 1
4465 1
4466 0
4467 0
4468 0
4469 0
4470 3
4471 0
4472 0
4473 0
4474 0
4475 0
4476 0
4477 0
4478 1
4479 1
4480 0
4481 0
4482 0
4483 0
4484 0
4485 1
4486 2
4487 1
4488 0
4489 0
4490 3
4491 0
4492 1
4493 0
4494 0
4495 0
4496 0
4497 1
4498 0
4499 0
4500 1
4501 1
4502 0
4503 0
4504 0
4505 0
4506 0
4507 0
4508 1
4509 0
4510 0
4511 0
4512 0
4513 0
4514 1
4515 0
4516 0
4517 0
4518 1
4519 0
4520 1
4521 1
4522 0
4523 0
4524 0
4525 0
4526 0
4527 0
4528 3
4529 0
4530 1
4531 0
4532 0
4533 0
4534 0
4535 0
4536 1
4537 1
4538 0
4539 0
4540 0
4541 0
4542 1
4543 1
4544 1
4545 0
4546 2
4547 0
4548 1
4549 0
4550 0
4551 0
4552 2
4553 2
4554 1
4555 1
4556 0
4557 0
4558 1
4559 0
4560 2
4561 0
4562 0
4563 0
4564 1
4565 1
4566 0
4567 0
4568 1
4569 0
4570 0
4571 0
4572 1
4573 0
4574 0
4575 1
4576 3
4577 1
4578 0
4579 0
4580 2
4581 0
4582 0
4583 2
4584 1
4585 1
4586 0
4587 0
4588 1
4589 0
4590 0
4591 0
4592 0
4593 1
4594 2
4595 0
4596 0
4597 0
4598 0
4599 0
4600 1
4601 1
4602 0
4603 1
4604 2
4605 1
4606 0
4607 1
4608 0
4609 2
4610 1
4611 0
4612 0
4613 1
4614 0
4615 0
4616 0
4617 0
4618 0
4619 0
4620 0
4621 0
4622 1
4623 1
4624 0
4625 1
4626 0
4627 0
4628 1
4629 0
4630 1
4631 0
4632 0
4633 2
4634 1
4635 3
4636 0
4637 0
4638 1
4639 0
4640 0
4641 0
4642 1
4643 1
4644 0
4645 2
4646 0
4647 0
4648 0
4649 0
4650 0
4651 1
4652 0
4653 1
4654 0
4655 1
4656 0
4657 0
4658 0
4659 1
4660 0
4661 0
4662 0
4663 0
4664 0
4665 1
4666 0
4667 0
4668 1
4669 0
4670 0
4671 0
4672 1
4673 0
4674 0
4675 0
4676 0
4677 0
4678 0
4679 1
4680 0
4681 0
4682 1
4683 0
4684 0
4685 0
4686 0
4687 0
4688 1
4689 1
4690 2
4691 1
4692 0
4693 0
4694 0
4695 1
4696 0
4697 2
4698 0
4699 1
4700 0
4701 2
4702 0
4703 0
4704 0
4705 0
4706 0
4707 0
4708 0
4709 0
4710 0
4711 0
4712 0
4713 2
4714 1
4715 0
4716 0
4717 0
4718 0
4719 0
4720 1
4721 0
4722 1
4723 1
4724 0
4725 2
4726 1
4727 1
4728 3
4729 0
4730 1
4731 0
4732 0
4733 0
4734 1
4735 0
4736 0
4737 1
4738 0
4739 1
4740 0
4741 0
4742 0
4743 2
4744 1
4745 0
4746 0
4747 0
4748 1
4749 0
4750 1
4751 0
4752 1
4753 1
4754 0
4755 2
4756 0
4757 2
4758 0
4759 0
4760 2
4761 0
4762 0
4763 2
4764 0
4765 0
4766 1
4767 0
4768 0
4769 0
4770 0
4771 0
4772 1
4773 0
4774 0
4775 0
4776 0
4777 0
4778 1
4779 0
4780 1
4781 1
4782 0
4783 1
4784 1
4785 1
4786 1
4787 0
4788 0
4789 0
4790 0
4791 1
4792 0
4793 1
4794 0
4795 0
4796 0
4797 1
4798 1
4799 0
4800 1
4801 3
4802 0
4803 1
4804 1
4805 2
4806 1
4807 0
4808 0
4809 0
4810 0
4811 0
4812 0
4813 0
4814 1
4815 1
4816 0
4817 0
4818 0
4819 0
4820 2
4821 1
4822 0
4823 1
4824 0
4825 2
4826 0
4827 1
4828 2
4829 0
4830 0
4831 0
4832 1
4833 0
4834 0
4835 0
4836 1
4837 1
4838 0
4839 1
4840 0
4841 3
4842 0
4843 0
4844 0
4845 0
4846 1
4847 0
4848 0
4849 0
4850 2
4851 0
4852 0
4853 0
4854 2
4855 0
4856 0
4857 0
4858 0
4859 0
4860 1
4861 0
4862 0
4863 0
4864 1
4865 1
4866 0
4867 0
4868 0
4869 0
4870 1
4871 0
4872 0
4873 0
4874 0
4875 0
4876 0
4877 1
4878 0
4879 1
4880 0
4881 1
4882 0
4883 1
4884 0
4885 0
4886 0
4887 0
4888 0
4889 1
4890 0
4891 1
4892 0
4893 0
4894 0
4895 0
4896 0
4897 0
4898 1
4899 4
4900 0
4901 1
4902 0
4903 0
4904 0
4905 0
4906 0
4907 0
4908 0
4909 0
4910 1
4911 0
4912 0
4913 0
4914 0
4915 1
4916 0
4917 0
4918 1
4919 1
4920 0
4921 0
4922 0
4923 0
4924 0
4925 1
4926 1
4927 1
4928 2
4929 3
4930 0
4931 0
4932 0
4933 0
4934 1
4935 0
4936 1
4937 2
4938 0
4939 0
4940 0
4941 0
4942 0
4943 0
4944 0
4945 0
4946 1
4947 0
4948 1
4949 1
4950 0
4951 0
4952 1
4953 0
4954 2
4955 0
4956 0
4957 0
4958 0
4959 0
4960 0
4961 3
4962 1
4963 0
4964 0
4965 1
4966 1
4967 0
4968 0
4969 1
4970 0
4971 0
4972 0
4973 0
4974 0
4975 0
4976 0
4977 0
4978 0
4979 0
4980 1
4981 0
4982 1
4983 3
4984 1
4985 0
4986 2
4987 1
4988 0
4989 0
4990 0
4991 0
4992 0
4993 0
4994 0
4995 0
4996 0
4997 1
4998 0
4999 0
5000 1
5001 0
5002 0
5003 1
5004 0
5005 1
5006 1
5007 2
5008 0
5009 1
5010 0
5011 0
5012 1
5013 0
5014 1
5015 0
5016 0
5017 0
5018 1
5019 0
5020 1
5021 0
5022 0
5023 3
5024 0
5025 0
5026 0
5027 1
5028 0
5029 0
5030 1
5031 0
5032 1
5033 0
5034 2
5035 1
5036 0
5037 0
5038 0
5039 1
5040 1
5041 0
5042 2
5043 0
5044 3
5045 0
5046 0
5047 0
5048 1
5049 2
5050 0
5051 0
5052 0
5053 0
5054 0
5055 1
5056 0
5057 1
5058 1
5059 0
5060 1
5061 0
5062 0
5063 1
5064 2
5065 0
5066 1
5067 0
5068 0
5069 1
5070 1
5071 0
5072 0
5073 0
5074 0
5075 0
5076 0
5077 1
5078 1
5079 1
5080 0
5081 0
5082 0
5083 0
5084 1
5085 0
5086 0
5087 0
5088 0
5089 0
5090 1
5091 0
5092 1
5093 0
5094 0
5095 2
5096 1
5097 0
5098 0
5099 0
5100 0
5101 2
5102 0
5103 0
5104 0
5105 0
5106 2
5107 0
5108 3
5109 0
5110 0
5111 0
5112 0
5113 0
5114 1
5115 0
5116 1
5117 0
5118 1
5119 0
5120 0
5121 0
5122 0
5123 1
5124 0
5125 0
5126 0
5127 0
5128 0
5129 0
5130 0
5131 0
5132 1
5133 0
5134 0
5135 2
5136 0
5137 0
5138 0
5139 0
5140 1
5141 0
5142 1
5143 0
5144 0
5145 0
5146 0
5147 0
5148 1
5149 0
5150 1
5151 0
5152 0
5153 0
5154 2
5155 0
5156 0
5157 0
5158 1
5159 0
5160 0
5161 0
5162 0
5163 0
5164 0
5165 0
5166 0
5167 0
5168 1
5169 0
5170 1
5171 1
5172 0
5173 0
5174 1
5175 2
5176 1
5177 0
5178 0
5179 0
5180 0
5181 1
5182 1
5183 0
5184 0
5185 0
5186 3
5187 1
5188 0
5189 0
5190 1
5191 1
5192 1
5193 0
5194 0
5195 0
5196 0
5197 0
5198 0
5199 0
5200 1
5201 0
5202 1
5203 1
5204 1
5205 1
5206 0
5207 0
5208 0
5209 0
5210 0
5211 0
5212 0
5213 0
5214 0
5215 1
5216 1
5217 1
5218 0
5219 1
5220 1
5221 0
5222 0
5223 0
5224 0
5225 2
5226 1
5227 0
5228 1
5229 0
5230 0
5231 0
5232 1
5233 0
5234 0
5235 1
5236 1
5237 0
5238 0
5239 2
5240 1
5241 2
5242 0
5243 0
5244 0
5245 0
5246 1
5247 1
5248 1
5249 0
5250 0
5251 1
5252 0
5253 1
5254 0
5255 1
5256 0
5257 1
5258 0
5259 0
5260 0
5261 1
5262 1
5263 1
5264 0
5265 1
5266 0
5267 1
5268 1
5269 1
5270 1
5271 1
5272 0
5273 0
5274 0
5275 0
5276 1
5277 0
5278 1
5279 0
5280 0
5281 0
5282 0
5283 0
5284 0
5285 3
5286 0
5287 0
5288 0
5289 0
5290 0
5291 2
5292 1
5293 0
5294 0
5295 1
5296 1
5297 1
5298 0
5299 0
5300 0
5301 0
5302 0
5303 1
5304 1
5305 0
5306 0
5307 1
5308 0
5309 0
5310 1
5311 0
5312 0
5313 0
5314 0
5315 0
5316 0
5317 3
5318 0
5319 1
5320 0
5321 1
5322 0
5323 1
5324 0
5325 0
5326 1
5327 0
5328 0
5329 1
5330 0
5331 0
5332 0
5333 0
5334 1
5335 1
5336 1
5337 0
5338 0
5339 0
5340 0
5341 0
5342 1
5343 0
5344 0
5345 0
5346 0
5347 0
5348 1
5349 1
5350 0
5351 1
5352 0
5353 0
5354 0
5355 1
5356 0
5357 0
5358 0
5359 1
5360 0
5361 0
5362 0
5363 0
5364 0
5365 0
5366 1
5367 0
5368 1
5369 0
5370 1
5371 0
5372 1
5373 0
5374 0
5375 0
5376 1
5377 0
5378 2
5379 1
5380 1
5381 2
5382 0
5383 1
5384 0
5385 0
5386 0
5387 0
5388 0
5389 1
5390 0
5391 0
5392 0
5393 0
5394 1
5395 0
5396 0
5397 2
5398 2
5399 0
5400 2
5401 2
5402 0
5403 1
5404 0
5405 1
5406 0
5407 0
5408 0
5409 0
5410 0
5411 1
5412 0
5413 1
5414 0
5415 1
5416 0
5417 0
5418 1
5419 0
5420 0
5421 2
5422 0
5423 0
5424 0
5425 1
5426 1
5427 1
5428 0
5429 0
5430 0
5431 0
5432 0
5433 0
5434 0
5435 1
5436 0
5437 0
5438 0
5439 0
5440 0
5441 1
5442 0
5443 1
5444 0
5445 0
5446 1
5447 0
5448 1
5449 0
5450 1
5451 0
5452 0
5453 0
5454 0
5455 0
5456 0
5457 0
5458 2
5459 0
5460 0
5461 1
5462 0
5463 0
5464 2
5465 0
5466 0
5467 1
5468 1
5469 0
5470 1
5471 0
5472 0
5473 0
5474 0
5475 1
5476 0
5477 1
5478 0
5479 2
5480 0
5481 2
5482 1
5483 2
5484 1
5485 0
5486 0
5487 2
5488 0
5489 0
5490 0
5491 1
5492 1
5493 0
5494 0
5495 2
5496 1
5497 0
5498 3
5499 0
5500 1
5501 1
5502 1
5503 0
5504 0
5505 1
5506 2
5507 0
5508 0
5509 0
5510 1
5511 0
5512 1
5513 1
5514 0
5515 0
5516 0
5517 0
5518 0
5519 2
5520 1
5521 0
5522 0
5523 1
5524 0
5525 1
5526 0
5527 1
5528 0
5529 0
5530 0
5531 0
5532 0
5533 0
5534 0
5535 0
5536 2
5537 1
5538 0
5539 1
5540 2
5541 1
5542 0
5543 1
5544 0
5545 0
5546 0
5547 0
5548 2
5549 0
5550 1
5551 1
5552 0
5553 0
5554 0
5555 2
5556 0
5557 0
5558 1
5559 1
5560 0
5561 0
5562 0
5563 0
5564 0
5565 0
5566 0
5567 0
5568 1
5569 0
5570 0
5571 0
5572 0
5573 0
5574 1
5575 0
5576 0
5577 0
5578 0
5579 1
5580 0
5581 0
5582 0
5583 0
5584 0
5585 0
5586 1
5587 1
5588 1
5589 0
5590 1
5591 0
5592 0
5593 0
5594 0
5595 1
5596 0
5597 0
5598 2
5599 0
5600 0
5601 0
5602 2
5603 0
5604 2
5605 1
5606 0
5607 0
5608 0
5609 2
5610 0
5611 1
5612 0
5613 0
5614 2
5615 0
5616 1
5617 0
5618 0
5619 0
5620 0
5621 0
5622 2
5623 2
5624 0
5625 1
5626 0
5627 0
5628 1
5629 0
5630 0
5631 1
5632 0
5633 0
5634 1
5635 2
5636 1
5637 0
5638 1
5639 0
5640 1
5641 1
5642 0
5643 1
5644 0
5645 0
5646 0
5647 1
5648 0
5649 0
5650 0
5651 1
5652 0
5653 1
5654 2
5655 0
5656 1
5657 0
5658 0
5659 0
5660 1
5661 1
5662 0
5663 0
5664 0
5665 1
5666 0
5667 0
5668 1
5669 1
5670 1
5671 1
5672 0
5673 1
5674 0
5675 0
5676 1
5677 0
5678 0
5679 1
5680 1
5681 0
5682 1
5683 2
5684 1
5685 0
5686 0
5687 1
5688 1
5689 1
5690 0
5691 0
5692 0
5693 1
5694 0
5695 2
5696 0
5697 1
5698 0
5699 0
5700 0
5701 0
5702 0
5703 0
5704 1
5705 0
5706 0
5707 0
5708 0
5709 0
5710 1
5711 1
5712 0
5713 0
5714 0
5715 0
5716 0
5717 1
5718 1
5719 0
5720 2
5721 0
5722 3
5723 0
5724 0
5725 0
5726 1
5727 1
5728 0
5729 0
5730 0
5731 0
5732 0
5733 3
5734 0
5735 2
5736 0
5737 0
5738 0
5739 0
5740 1
5741 0
5742 2
5743 1
5744 1
5745 1
5746 0
5747 1
5748 2
5749 2
5750 1
5751 0
5752 0
5753 2
5754 0
5755 0
5756 2
5757 0
5758 1
5759 0
5760 0
5761 0
5762 0
5763 1
5764 0
5765 0
5766 0
5767 0
5768 0
5769 0
5770 0
5771 1
5772 0
5773 0
5774 0
5775 1
5776 0
5777 0
5778 1
5779 0
5780 0
5781 0
5782 0
5783 0
5784 0
5785 1
5786 0
5787 0
5788 1
5789 0
5790 1
5791 2
5792 1
5793 1
5794 1
5795 1
5796 2
5797 0
5798 1
5799 0
5800 2
5801 0
5802 0
5803 1
5804 0
5805 0
5806 1
5807 1
5808 0
5809 2
5810 0
5811 2
5812 0
5813 0
5814 0
5815 0
5816 0
5817 0
5818 0
5819 2
5820 1
5821 2
5822 0
5823 0
5824 0
5825 0
5826 0
5827 0
5828 0
5829 0
5830 0
5831 0
5832 1
5833 0
5834 0
5835 0
5836 1
5837 0
5838 0
5839 0
5840 0
5841 0
5842 0
5843 1
5844 0
5845 0
5846 2
5847 0
5848 2
5849 2
5850 0
5851 0
5852 0
5853 0
5854 0
5855 0
5856 0
5857 1
5858 1
5859 2
5860 0
5861 0
5862 0
5863 1
5864 0
5865 1
5866 0
5867 1
5868 2
5869 0
5870 0
5871 0
5872 2
5873 0
5874 1
5875 0
5876 0
5877 0
5878 0
5879 0
5880 0
5881 1
5882 0
5883 0
5884 0
5885 0
5886 1
5887 2
5888 1
5889 0
5890 3
5891 1
5892 0
5893 0
5894 1
5895 2
5896 1
5897 0
5898 0
5899 0
5900 0
5901 1
5902 0
5903 0
5904 0
5905 0
5906 0
5907 2
5908 0
5909 0
5910 0
5911 0
5912 0
5913 0
5914 0
5915 0
5916 2
5917 0
5918 0
5919 0
5920 2
5921 1
5922 2
5923 2
5924 0
5925 0
5926 0
5927 0
5928 0
5929 0
5930 0
5931 0
5932 2
5933 0
5934 2
5935 1
5936 1
5937 1
5938 0
5939 0
5940 1
5941 1
5942 1
5943 1
5944 0
5945 0
5946 0
5947 0
5948 0
5949 0
5950 0
5951 0
5952 0
5953 1
5954 0
5955 0
5956 0
5957 0
5958 0
5959 1
5960 1
5961 3
5962 0
5963 1
5964 0
5965 0
5966 0
5967 0
5968 0
5969 0
5970 1
5971 1
5972 1
5973 0
5974 0
5975 0
5976 2
5977 2
5978 1
5979 1
5980 1
5981 1
5982 0
5983 1
5984 0
5985 0
5986 0
5987 0
5988 0
5989 0
5990 0
5991 0
5992 0
5993 0
5994 0
5995 0
5996 1
5997 0
5998 0
5999 0
6000 0
6001 0
6002 0
6003 0
6004 0
6005 0
6006 1
6007 0
6008 0
6009 0
6010 2
6011 2
6012 0
6013 2
6014 0
6015 0
6016 0
6017 1
6018 0
6019 0
6020 0
6021 1
6022 0
6023 0
6024 0
6025 0
6026 0
6027 0
6028 0
6029 0
6030 2
6031 0
6032 0
6033 0
6034 0
6035 0
6036 0
6037 0
6038 0
6039 0
6040 0
6041 0
6042 2
6043 0
6044 1
6045 0
6046 1
6047 0
6048 0
6049 0
6050 1
6051 0
6052 0
6053 1
6054 0
6055 0
6056 0
6057 0
6058 1
6059 0
6060 0
6061 0
6062 0
6063 0
6064 3
6065 1
6066 1
6067 0
6068 2
6069 0
6070 0
6071 2
6072 0
6073 0
6074 1
6075 0
6076 0
6077 0
6078 0
6079 0
6080 1
6081 0
6082 0
6083 0
6084 0
6085 1
6086 0
6087 2
6088 0
6089 0
6090 1
6091 0
6092 0
6093 0
6094 0
6095 1
6096 0
6097 0
6098 0
6099 2
6100 0
6101 0
6102 0
6103 0
6104 0
6105 0
6106 0
6107 0
6108 0
6109 0
6110 0
6111 0
6112 0
6113 0
6114 0
6115 1
6116 0
6117 1
6118 1
6119 0
6120 0
6121 1
6122 1
6123 1
6124 0
6125 0
6126 1
6127 0
6128 0
6129 0
6130 0
6131 0
6132 0
6133 0
6134 0
6135 1
6136 0
6137 0
6138 0
6139 0
6140 1
6141 0
6142 0
6143 0
6144 1
6145 0
6146 0
6147 0
6148 0
6149 0
6150 1
6151 0
6152 1
6153 0
6154 0
6155 1
6156 1
6157 1
6158 0
6159 0
6160 0
6161 0
6162 0
6163 0
6164 1
6165 0
6166 1
6167 0
6168 0
6169 0
6170 0
6171 0
6172 0
6173 0
6174 0
6175 1
6176 2
6177 0
6178 0
6179 0
6180 0
6181 0
6182 0
6183 0
6184 0
6185 1
6186 0
6187 0
6188 1
6189 0
6190 0
6191 0
6192 1
6193 0
6194 1
6195 0
6196 0
6197 1
6198 1
6199 2
6200 1
6201 1
6202 0
6203 1
6204 3
6205 0
6206 1
6207 0
6208 0
6209 1
6210 1
6211 0
6212 0
6213 2
6214 0
6215 1
6216 0
6217 0
6218 0
6219 0
6220 1
6221 2
6222 0
6223 0
6224 0
6225 1
6226 1
6227 0
6228 0
6229 2
6230 1
6231 0
6232 0
6233 0
6234 2
6235 2
6236 0
6237 1
6238 2
6239 2
6240 0
6241 1
6242 1
6243 1
6244 0
6245 0
6246 0
6247 0
6248 1
6249 0
6250 1
6251 0
6252 1
6253 1
6254 1
6255 0
6256 1
6257 0
6258 0
6259 1
6260 0
6261 0
6262 0
6263 0
6264 1
6265 0
6266 1
6267 1
6268 0
6269 0
6270 0
6271 0
6272 1
6273 0
6274 0
6275 1
6276 1
6277 0
6278 0
6279 2
6280 0
6281 0
6282 0
6283 0
6284 0
6285 1
6286 0
6287 0
6288 0
6289 1
6290 0
6291 0
6292 0
6293 2
6294 0
6295 0
6296 1
6297 0
6298 0
6299 0
6300 0
6301 0
6302 0
6303 0
6304 0
6305 0
6306 1
6307 0
6308 0
6309 1
6310 0
6311 2
6312 1
6313 1
6314 1
6315 0
6316 1
6317 1
6318 1
6319 0
6320 1
6321 0
6322 2
6323 0
6324 0
6325 0
6326 0
6327 1
6328 0
6329 0
6330 0
6331 0
6332 0
6333 0
6334 1
6335 0
6336 1
6337 0
6338 0
6339 0
6340 0
6341 0
6342 0
6343 0
6344 1
6345 0
6346 0
6347 0
6348 0
6349 1
6350 0
6351 1
6352 0
6353 1
6354 1
6355 0
6356 0
6357 0
6358 0
6359 0
6360 0
6361 0
6362 0
6363 0
6364 0
6365 0
6366 1
6367 0
6368 2
6369 0
6370 0
6371 0
6372 0
6373 0
6374 2
6375 1
6376 1
6377 0
6378 1
6379 0
6380 0
6381 1
6382 3
6383 1
6384 0
6385 0
6386 1
6387 0
6388 1
6389 0
6390 2
6391 0
6392 0
6393 0
6394 0
6395 0
6396 1
6397 0
6398 0
6399 1
6400 1
6401 0
6402 0
6403 1
6404 0
6405 0
6406 1
6407 0
6408 0
6409 3
6410 0
6411 1
6412 2
6413 0
6414 0
6415 0
6416 0
6417 0
6418 1
6419 2
6420 1
6421 1
6422 0
6423 0
6424 1
6425 0
6426 1
6427 0
6428 1
6429 0
6430 0
6431 0
6432 1
6433 2
6434 1
6435 1
6436 1
6437 0
6438 0
6439 0
6440 0
6441 1
6442 1
6443 2
6444 0
6445 2
6446 2
6447 0
6448 1
6449 1
6450 0
6451 1
6452 0
6453 0
6454 0
6455 1
6456 0
6457 0
6458 0
6459 0
6460 0
6461 1
6462 3
6463 0
6464 1
6465 0
6466 0
6467 0
6468 0
6469 2
6470 1
6471 0
6472 0
6473 0
6474 0
6475 1
6476 1
6477 1
6478 1
6479 0
6480 0
6481 1
6482 0
6483 0
6484 1
6485 0
6486 0
6487 2
6488 0
6489 0
6490 0
6491 1
6492 0
6493 1
6494 0
6495 1
6496 0
6497 0
6498 1
6499 0
6500 0
6501 1
6502 0
6503 0
6504 0
6505 0
6506 0
6507 0
6508 0
6509 0
6510 0
6511 0
6512 0
6513 0
6514 0
6515 1
6516 0
6517 0
6518 1
6519 0
6520 0
6521 1
6522 0
6523 1
6524 1
6525 1
6526 0
6527 0
6528 0
6529 0
6530 0
6531 0
6532 0
6533 0
6534 0
6535 0
6536 0
6537 1
6538 0
6539 1
6540 0
6541 1
6542 0
6543 1
6544 0
6545 0
6546 0
6547 1
6548 0
6549 0
6550 0
6551 0
6552 0
6553 1
6554 0
6555 0
6556 1
6557 1
6558 2
6559 1
6560 0
6561 0
6562 0
6563 0
6564 0
6565 0
6566 0
6567 0
6568 0
6569 0
6570 0
6571 1
6572 1
6573 2
6574 0
6575 0
6576 1
6577 0
6578 0
6579 2
6580 0
6581 0
6582 1
6583 0
6584 0
6585 2
6586 0
6587 0
6588 0
6589 0
6590 1
6591 0
6592 2
6593 0
6594 0
6595 0
6596 0
6597 1
6598 0
6599 0
6600 0
6601 0
6602 0
6603 3
6604 0
6605 1
6606 1
6607 1
6608 0
6609 0
6610 1
6611 3
6612 0
6613 0
6614 0
6615 0
6616 0
6617 0
6618 0
6619 0
6620 2
6621 1
6622 0
6623 0
6624 0
6625 0
6626 0
6627 1
6628 2
6629 0
6630 0
6631 1
6632 0
6633 0
6634 1
6635 0
6636 1
6637 1
6638 0
6639 0
6640 0
6641 0
6642 1
6643 1
6644 0
6645 0
6646 0
6647 0
6648 1
6649 0
6650 0
6651 0
6652 0
6653 1
6654 0
6655 0
6656 1
6657 0
6658 1
6659 1
6660 1
6661 1
6662 0
6663 0
6664 1
6665 0
6666 0
6667 2
6668 0
6669 0
6670 0
6671 0
6672 0
6673 0
6674 0
6675 2
6676 1
6677 0
6678 0
6679 1
6680 0
6681 2
6682 0
6683 0
6684 0
6685 0
6686 0
6687 0
6688 0
6689 0
6690 2
6691 1
6692 0
6693 0
6694 0
6695 0
6696 0
6697 1
6698 0
6699 0
6700 1
6701 0
6702 0
6703 0
6704 0
6705 0
6706 0
6707 0
6708 0
6709 0
6710 0
6711 0
6712 0
6713 0
6714 0
6715 0
6716 1
6717 1
6718 0
6719 0
6720 0
6721 0
6722 1
6723 0
6724 0
6725 0
6726 0
6727 0
6728 2
6729 0
6730 1
6731 1
6732 0
6733 0
6734 0
6735 1
6736 0
6737 0
6738 0
6739 1
6740 0
6741 0
6742 1
6743 0
6744 1
6745 0
6746 1
6747 0
6748 0
6749 0
6750 0
6751 0
6752 0
6753 0
6754 0
6755 0
6756 0
6757 2
6758 0
6759 0
6760 0
6761 0
6762 0
6763 0
6764 0
6765 0
6766 0
6767 0
6768 1
6769 0
6770 0
6771 0
6772 0
6773 2
6774 0
6775 0
6776 0
6777 1
6778 0
6779 0
6780 0
6781 0
6782 0
6783 1
6784 1
6785 0
6786 0
6787 0
6788 0
6789 0
6790 0
6791 1
6792 1
6793 0
6794 1
6795 0
6796 0
6797 0
6798 0
6799 0
6800 0
6801 0
6802 1
6803 0
6804 0
6805 0
6806 1
6807 0
6808 0
6809 0
6810 0
6811 0
6812 1
6813 1
6814 0
6815 1
6816 1
6817 0
6818 1
6819 0
6820 1
6821 0
6822 1
6823 0
6824 0
6825 1
6826 0
6827 0
6828 0
6829 1
6830 0
6831 0
6832 1
6833 0
6834 0
6835 1
6836 0
6837 0
6838 0
6839 1
6840 0
6841 0
6842 0
6843 0
6844 0
6845 0
6846 0
6847 1
6848 0
6849 0
6850 0
6851 0
6852 0
6853 0
6854 1
6855 0
6856 0
6857 0
6858 0
6859 0
6860 0
6861 0
6862 0
6863 0
6864 0
6865 0
6866 0
6867 0
6868 0
6869 0
6870 0
6871 1
6872 0
6873 0
6874 0
6875 2
6876 0
6877 0
6878 1
6879 0
6880 0
6881 0
6882 1
6883 0
6884 0
6885 0
6886 0
6887 0
6888 0
6889 0
6890 1
6891 0
6892 1
6893 2
6894 0
6895 0
6896 0
6897 1
6898 0
6899 0
6900 0
6901 0
6902 0
6903 1
6904 0
6905 0
6906 0
6907 0
6908 0
6909 0
6910 0
6911 0
6912 1
6913 1
6914 0
6915 0
6916 1
6917 0
6918 0
6919 0
6920 0
6921 1
6922 0
6923 1
6924 0
6925 0
6926 0
6927 0
6928 0
6929 0
6930 0
6931 0
6932 0
6933 1
6934 1
6935 1
6936 0
6937 0
6938 1
6939 0
6940 0
6941 1
6942 0
6943 0
6944 1
6945 2
6946 0
6947 2
6948 0
6949 1
6950 0
6951 0
6952 0
6953 0
6954 0
6955 0
6956 0
6957 0
6958 1
6959 0
6960 1
6961 1
6962 0
6963 1
6964 1
6965 0
6966 0
6967 1
6968 0
6969 0
6970 1
6971 0
6972 0
6973 1
6974 0
6975 0
6976 0
6977 0
6978 0
6979 0
6980 0
6981 0
6982 0
6983 1
6984 0
6985 0
6986 0
6987 0
6988 0
6989 1
6990 0
6991 0
6992 0
6993 0
6994 0
6995 0
6996 1
6997 0
6998 0
6999 1
7000 0
7001 1
7002 0
7003 1
7004 1
7005 0
7006 0
7007 0
7008 1
7009 0
7010 0
7011 0
7012 0
7013 0
7014 0
7015 0
7016 0
7017 0
7018 0
7019 0
7020 0
7021 0
7022 0
7023 0
7024 0
7025 0
7026 0
7027 0
7028 0
7029 2
7030 1
7031 0
7032 0
7033 0
7034 0
7035 0
7036 1
7037 0
7038 0
7039 0
7040 0
7041 0
7042 0
7043 0
7044 0
7045 0
7046 1
7047 0
7048 0
7049 1
7050 0
7051 0
7052 1
7053 0
7054 0
7055 0
7056 0
7057 0
7058 0
7059 0
7060 0
7061 1
7062 0
7063 0
7064 1
7065 0
7066 0
7067 1
7068 0
7069 0
7070 0
7071 0
7072 2
7073 1
7074 0
7075 0
7076 0
7077 0
7078 0
7079 0
7080 0
7081 0
7082 1
7083 0
7084 0
7085 0
7086 0
7087 0
7088 1
7089 0
7090 0
7091 0
7092 2
7093 0
7094 0
7095 0
7096 0
7097 0
7098 1
7099 0
7100 1
7101 1
7102 0
7103 1
7104 0
7105 1
7106 0
7107 0
7108 0
7109 0
7110 1
7111 0
7112 0
7113 1
7114 0
7115 0
7116 0
7117 1
7118 0
7119 1
7120 0
7121 0
7122 0
7123 0
7124 1
7125 1
7126 0
7127 0
7128 0
7129 2
7130 0
7131 0
7132 0
7133 0
7134 0
7135 1
7136 0
7137 0
7138 0
7139 0
7140 0
7141 0
7142 0
7143 0
7144 0
7145 0
7146 0
7147 0
7148 0
7149 0
7150 1
7151 0
7152 0
7153 0
7154 0
7155 0
7156 0
7157 1
7158 0
7159 0
7160 0
7161 0
7162 1
7163 0
7164 1
7165 0
7166 0
7167 0
7168 1
7169 1
7170 0
7171 0
7172 0
7173 2
7174 0
7175 0
7176 0
7177 0
7178 1
7179 0
7180 0
7181 0
7182 0
7183 0
7184 1
7185 1
7186 0
7187 0
7188 0
7189 0
7190 0
7191 0
7192 0
7193 0
7194 1
7195 0
7196 1
7197 1
7198 0
7199 0
7200 0
7201 0
7202 1
7203 0
7204 1
7205 0
7206 0
7207 0
7208 0
7209 0
7210 0
7211 0
7212 0
7213 1
7214 0
7215 0
7216 0
7217 0
7218 0
7219 2
7220 0
7221 0
7222 0
7223 0
7224 1
7225 0
7226 0
7227 0
7228 0
7229 1
7230 0
7231 2
7232 0
7233 0
7234 0
7235 0
7236 0
7237 0
7238 0
7239 0
7240 0
7241 0
7242 0
7243 0
7244 0
7245 0
7246 0
7247 1
7248 0
7249 0
7250 1
7251 0
7252 0
7253 1
7254 0
7255 0
7256 2
7257 0
7258 0
7259 0
7260 0
7261 0
7262 0
7263 1
7264 0
7265 0
7266 0
7267 0
7268 0
7269 0
7270 0
7271 0
7272 1
7273 0
7274 0
7275 0
7276 0
7277 1
7278 0
7279 0
7280 0
7281 0
7282 1
7283 0
7284 1
7285 0
7286 0
7287 0
7288 0
7289 0
7290 0
7291 0
7292 0
7293 1
7294 0
7295 0
7296 0
7297 0
7298 0
7299 0
7300 1
7301 0
7302 1
7303 0
7304 0
7305 0
7306 0
7307 0
7308 0
7309 0
7310 1
7311 0
7312 0
7313 0
7314 0
7315 0
7316 0
7317 0
7318 1
7319 0
7320 1
7321 0
7322 0
7323 0
7324 2
7325 1
7326 0
7327 0
7328 0
7329 0
7330 1
7331 0
7332 1
7333 0
7334 1
7335 0
7336 0
7337 0
7338 0
7339 0
7340 0
7341 0
7342 0
7343 0
7344 0
7345 0
7346 0
7347 0
7348 0
7349 1
7350 0
7351 0
7352 0
7353 0
7354 0
7355 0
7356 1
7357 0
7358 0
7359 1
7360 0
7361 0
7362 1
7363 2
7364 0
7365 0
7366 0
7367 0
7368 0
7369 1
7370 0
7371 1
7372 0
7373 0
7374 0
7375 0
7376 0
7377 0
7378 1
7379 0
7380 0
7381 0
7382 0
7383 0
7384 0
7385 0
7386 1
7387 0
7388 0
7389 0
7390 1
7391 0
7392 0
7393 0
7394 1
7395 0
7396 0
7397 0
7398 0
7399 0
7400 0
7401 1
7402 1
7403 3
7404 0
7405 0
7406 0
7407 0
7408 0
7409 1
7410 0
7411 0
7412 0
7413 0
7414 1
7415 0
7416 0
7417 0
7418 1
7419 0
7420 0
7421 0
7422 0
7423 0
7424 0
7425 0
7426 0
7427 1
7428 0
7429 0
7430 0
7431 1
7432 1
7433 0
7434 0
7435 0
7436 0
7437 0
7438 0
7439 0
7440 0
7441 0
7442 0
7443 0
7444 0
7445 1
7446 0
7447 0
7448 0
7449 0
7450 1
7451 0
7452 0
7453 0
7454 0
7455 0
7456 0
7457 0
7458 0
7459 0
7460 1
7461 1
7462 1
7463 0
7464 0
7465 1
7466 0
7467 0
7468 0
7469 0
7470 0
7471 0
7472 0
7473 1
7474 0
7475 0
7476 0
7477 0
7478 0
7479 1
7480 0
7481 0
7482 0
7483 0
7484 0
7485 0
7486 0
7487 1
7488 0
7489 0
7490 0
7491 0
7492 1
7493 0
7494 0
7495 0
7496 0
7497 0
7498 1
7499 0
7500 0
7501 0
7502 0
7503 0
7504 0
7505 1
7506 0
7507 1
7508 0
7509 0
7510 0
7511 0
7512 1
7513 0
7514 0
7515 0
7516 0
7517 0
7518 0
7519 0
7520 0
7521 1
7522 0
7523 1
7524 0
7525 0
7526 0
7527 0
7528 0
7529 0
7530 1
7531 0
7532 1
7533 0
7534 0
7535 0
7536 1
7537 2
7538 0
7539 0
7540 0
7541 0
7542 0
7543 1
7544 0
7545 3
7546 0
7547 0
7548 0
7549 0
7550 0
7551 0
7552 0
7553 0
7554 0
7555 0
7556 0
7557 0
7558 0
7559 0
7560 0
7561 0
7562 0
7563 0
7564 0
7565 0
7566 0
7567 0
7568 0
7569 1
7570 0
7571 0
7572 1
7573 0
7574 0
7575 0
7576 0
7577 0
7578 0
7579 0
7580 0
7581 0
7582 0
7583 0
7584 0
7585 0
7586 0
7587 0
7588 0
7589 0
7590 0
7591 0
7592 0
7593 0
7594 0
7595 0
7596 0
7597 0
7598 0
7599 0
7600 0
7601 0
7602 0
7603 0
7604 0
7605 0
7606 0
7607 0
7608 0
7609 0
7610 0
7611 0
7612 0
7613 1
7614 0
7615 0
7616 0
7617 0
7618 0
7619 0
7620 0
7621 0
7622 0
7623 0
7624 0
7625 0
7626 0
7627 1
7628 0
7629 0
7630 0
7631 0
7632 0
7633 0
7634 0
7635 0
7636 0
7637 0
7638 0
7639 0
7640 0
7641 0
7642 0
7643 0
7644 0
7645 1
7646 1
7647 0
7648 0
7649 0
7650 1
7651 0
7652 1
7653 0
7654 0
7655 1
7656 0
7657 0
7658 2
7659 0
7660 1
7661 0
7662 0
7663 0
7664 0
7665 0
7666 0
7667 1
7668 0
7669 0
7670 0
7671 0
7672 0
7673 0
7674 0
7675 0
7676 0
7677 0
7678 0
7679 0
7680 0
7681 0
7682 0
7683 0
7684 0
7685 0
7686 0
7687 0
7688 0
7689 0
7690 0
7691 0
7692 0
7693 0
7694 1
7695 1
7696 0
7697 0
7698 1
7699 0
7700 0
7701 0
7702 0
7703 1
7704 0
7705 0
7706 0
7707 0
7708 0
7709 0
7710 0
7711 0
7712 0
7713 1
7714 0
7715 1
7716 0
7717 1
7718 0
7719 0
7720 0
7721 0
7722 1
7723 0
7724 0
7725 0
7726 1
7727 0
7728 0
7729 0
7730 0
7731 0
7732 0
7733 0
7734 0
7735 0
7736 0
7737 0
7738 0
7739 0
7740 0
7741 0
7742 0
7743 0
7744 1
7745 0
7746 0
7747 0
7748 0
7749 0
7750 0
7751 0
7752 0
7753 0
7754 0
7755 0
7756 0
7757 0
7758 0
7759 1
7760 0
7761 0
7762 0
7763 0
7764 0
7765 1
7766 0
7767 0
7768 0
7769 0
7770 0
7771 0
7772 0
7773 0
7774 0
7775 1
7776 0
7777 0
7778 1
7779 0
7780 0
7781 0
7782 1
7783 0
7784 0
7785 0
7786 0
7787 1
7788 0
7789 0
7790 1
7791 0
7792 0
7793 0
7794 0
7795 0
7796 0
7797 0
7798 0
7799 0
7800 0
7801 0
7802 0
7803 0
7804 0
7805 0
7806 0
7807 0
7808 1
7809 0
7810 0
7811 0
7812 0
7813 1
7814 0
7815 0
7816 0
7817 0
7818 0
7819 0
7820 0
7821 0
7822 0
7823 0
7824 0
7825 0
7826 0
7827 1
7828 0
7829 0
7830 0
7831 0
7832 0
7833 0
7834 0
7835 0
7836 0
7837 0
7838 3
7839 1
7840 0
7841 1
7842 0
7843 0
7844 0
7845 1
7846 0
7847 0
7848 0
7849 0
7850 0
7851 0
7852 0
7853 0
7854 0
7855 0
7856 0
7857 0
7858 0
7859 0
7860 0
7861 0
7862 0
7863 0
7864 0
7865 1
7866 0
7867 0
7868 0
7869 0
7870 0
7871 3
7872 0
7873 1
7874 0
7875 0
7876 0
7877 1
7878 0
7879 1
7880 0
7881 0
7882 0
7883 0
7884 0
7885 0
7886 0
7887 0
7888 0
7889 0
7890 1
7891 2
7892 0
7893 1
7894 0
7895 0
7896 0
7897 1
7898 0
7899 0
7900 0
7901 0
7902 0
7903 1
7904 0
7905 1
7906 0
7907 1
7908 0
7909 1
7910 0
7911 0
7912 0
7913 0
7914 0
7915 0
7916 0
7917 0
7918 0
7919 1
7920 0
7921 0
7922 0
7923 0
7924 0
7925 0
7926 0
7927 0
7928 0
7929 0
7930 0
7931 0
7932 0
7933 0
7934 0
7935 0
7936 1
7937 0
7938 0
7939 0
7940 0
7941 0
7942 0
7943 0
7944 1
7945 0
7946 0
7947 0
7948 0
7949 0
7950 1
7951 1
7952 0
7953 0
7954 0
7955 0
7956 0
7957 0
7958 0
7959 1
7960 1
7961 0
7962 0
7963 1
7964 0
7965 1
7966 0
7967 0
7968 0
7969 0
7970 0
7971 0
7972 0
7973 1
7974 0
7975 0
7976 0
7977 0
7978 0
7979 0
7980 0
7981 0
7982 0
7983 0
7984 0
7985 0
7986 0
7987 0
7988 0
7989 1
7990 0
7991 2
7992 0
7993 0
7994 1
7995 0
7996 0
7997 0
7998 0
7999 1
8000 1
8001 0
8002 0
8003 0
8004 0
8005 0
8006 1
8007 0
8008 1
8009 0
8010 1
8011 0
8012 0
8013 0
8014 0
8015 0
8016 0
8017 1
8018 0
8019 0
8020 1
8021 0
8022 0
8023 0
8024 1
8025 0
8026 0
8027 0
8028 2
8029 0
8030 0
8031 0
8032 0
8033 0
8034 1
8035 0
8036 0
8037 0
8038 0
8039 0
8040 0
8041 1
8042 1
8043 0
8044 0
8045 0
8046 0
8047 0
8048 1
8049 0
8050 0
8051 1
8052 0
8053 0
8054 0
8055 0
8056 0
8057 0
8058 0
8059 0
8060 0
8061 0
8062 0
8063 0
8064 0
8065 1
8066 0
8067 0
8068 0
8069 0
8070 0
8071 0
8072 0
8073 0
8074 0
8075 0
8076 0
8077 0
8078 1
8079 0
8080 0
8081 0
8082 0
8083 0
8084 0
8085 0
8086 0
8087 0
8088 0
8089 1
8090 0
8091 0
8092 0
8093 0
8094 1
8095 0
8096 1
8097 1
8098 0
8099 0
8100 0
8101 1
8102 0
8103 0
8104 0
8105 0
8106 0
8107 0
8108 0
8109 0
8110 0
8111 1
8112 0
8113 0
8114 0
8115 1
8116 0
8117 0
8118 0
8119 1
8120 1
8121 1
8122 0
8123 0
8124 0
8125 0
8126 0
8127 0
8128 0
8129 1
8130 0
8131 0
8132 0
8133 0
8134 0
8135 0
8136 0
8137 0
8138 0
8139 0
8140 0
8141 0
8142 0
8143 0
8144 0
8145 1
8146 0
8147 0
8148 0
8149 0
8150 0
8151 1
8152 0
8153 1
8154 0
8155 0
8156 0
8157 0
8158 0
8159 0
8160 0
8161 0
8162 0
8163 0
8164 0
8165 0
8166 0
8167 0
8168 0
8169 0
8170 0
8171 2
8172 0
8173 0
8174 0
8175 0
8176 0
8177 0
8178 0
8179 1
8180 0
8181 1
8182 0
8183 1
8184 1
8185 1
8186 0
8187 0
8188 0
8189 0
8190 0
8191 0
8192 0
8193 0
8194 0
8195 0
8196 0
8197 1
8198 0
8199 1
8200 0
8201 0
8202 0
8203 1
8204 0
8205 0
8206 1
8207 0
8208 0
8209 0
8210 0
8211 0
8212 0
8213 0
8214 0
8215 0
8216 0
8217 0
8218 0
8219 1
8220 0
8221 0
8222 0
8223 0
8224 0
8225 0
8226 0
8227 0
8228 0
8229 0
8230 0
8231 0
8232 0
8233 0
8234 1
8235 0
8236 0
8237 0
8238 0
8239 0
8240 0
8241 0
8242 0
8243 0
8244 0
8245 0
8246 0
8247 0
8248 0
8249 1
8250 0
8251 2
8252 0
8253 0
8254 0
8255 0
8256 1
8257 0
8258 0
8259 0
8260 0
8261 0
8262 0
8263 0
8264 0
8265 0
8266 0
8267 0
8268 0
8269 0
8270 0
8271 0
8272 0
8273 0
8274 1
8275 0
8276 0
8277 0
8278 0
8279 1
8280 0
8281 0
8282 0
8283 0
8284 0
8285 0
8286 0
8287 1
8288 1
8289 0
8290 0
8291 0
8292 0
8293 0
8294 0
8295 0
8296 0
8297 1
8298 0
8299 0
8300 0
8301 1
8302 0
8303 0
8304 0
8305 0
8306 0
8307 0
8308 0
8309 0
8310 0
8311 0
8312 1
8313 0
8314 1
8315 0
8316 0
8317 0
8318 0
8319 0
8320 0
8321 0
8322 0
8323 0
8324 0
8325 1
8326 1
8327 1
8328 1
8329 0
8330 0
8331 0
8332 1
8333 0
8334 0
8335 0
8336 0
8337 0
8338 0
8339 0
8340 0
8341 0
8342 0
8343 0
8344 0
8345 0
8346 0
8347 0
8348 0
8349 0
8350 0
8351 0
8352 0
8353 0
8354 0
8355 0
8356 0
8357 1
8358 0
8359 0
8360 0
8361 0
8362 0
8363 0
8364 0
8365 0
8366 1
8367 0
8368 0
8369 0
8370 0
8371 0
8372 0
8373 0
8374 0
8375 0
8376 0
8377 0
8378 0
8379 0
8380 0
8381 0
8382 0
8383 1
8384 0
8385 1
8386 0
8387 0
8388 0
8389 0
8390 0
8391 0
8392 0
8393 0
8394 0
8395 0
8396 0
8397 0
8398 0
8399 1
8400 0
8401 0
8402 0
8403 0
8404 0
8405 0
8406 0
8407 0
8408 1
8409 0
8410 0
8411 0
8412 0
8413 0
8414 0
8415 0
8416 1
8417 0
8418 1
8419 1
8420 0
8421 1
8422 0
8423 0
8424 0
8425 1
8426 0
8427 1
8428 0
8429 0
8430 2
8431 0
8432 0
8433 0
8434 1
8435 0
8436 0
8437 0
8438 1
8439 0
8440 0
8441 0
8442 0
8443 0
8444 0
8445 0
8446 1
8447 0
8448 0
8449 0
8450 0
8451 0
8452 0
8453 0
8454 0
8455 1
8456 1
8457 0
8458 0
8459 0
8460 0
8461 0
8462 0
8463 1
8464 0
8465 0
8466 0
8467 0
8468 0
8469 0
8470 0
8471 0
8472 0
8473 0
8474 1
8475 0
8476 0
8477 0
8478 0
8479 0
8480 0
8481 0
8482 0
8483 0
8484 0
8485 0
8486 0
8487 0
8488 0
8489 0
8490 0
8491 0
8492 0
8493 0
8494 0
8495 0
8496 0
8497 1
8498 0
8499 0
8500 0
8501 0
8502 0
8503 0
8504 1
8505 0
8506 1
8507 0
8508 0
8509 0
8510 0
8511 0
8512 0
8513 0
8514 0
8515 0
8516 1
8517 0
8518 0
8519 0
8520 0
8521 1
8522 0
8523 0
8524 0
8525 0
8526 0
8527 0
8528 0
8529 0
8530 0
8531 0
8532 0
8533 0
8534 0
8535 0
8536 0
8537 1
8538 0
8539 1
8540 0
8541 0
8542 0
8543 0
8544 0
8545 1
8546 0
8547 0
8548 1
8549 0
8550 0
8551 0
8552 0
8553 0
8554 0
8555 1
8556 0
8557 0
8558 0
8559 0
8560 0
8561 0
8562 0
8563 1
8564 0
8565 1
8566 0
8567 0
8568 0
8569 0
8570 0
8571 0
8572 1
8573 0
8574 0
8575 0
8576 0
8577 0
8578 0
8579 0
8580 0
8581 0
8582 0
8583 0
8584 0
8585 0
8586 0
8587 0
8588 0
8589 0
8590 0
8591 1
8592 0
8593 0
8594 0
8595 0
8596 0
8597 0
8598 0
8599 0
8600 0
8601 0
8602 0
8603 1
8604 0
8605 0
8606 0
8607 1
8608 0
8609 0
8610 0
8611 1
8612 0
8613 0
8614 1
8615 0
8616 0
8617 0
8618 0
8619 0
8620 0
8621 0
8622 0
8623 0
8624 0
8625 0
8626 0
8627 0
8628 0
8629 0
8630 0
8631 0
8632 0
8633 0
8634 1
8635 1
8636 0
8637 0
8638 0
8639 0
8640 0
8641 0
8642 0
8643 0
8644 0
8645 0
8646 0
8647 0
8648 0
8649 0
8650 0
8651 0
8652 0
8653 0
8654 0
8655 0
8656 0
8657 0
8658 0
8659 0
8660 1
8661 0
8662 0
8663 0
8664 0
8665 1
8666 0
8667 1
8668 0
8669 0
8670 0
8671 0
8672 0
8673 0
8674 0
8675 1
8676 1
8677 0
8678 0
8679 0
8680 1
8681 0
8682 0
8683 0
8684 0
8685 0
8686 0
8687 0
8688 3
8689 0
8690 0
8691 0
8692 0
8693 0
8694 1
8695 0
8696 1
8697 0
8698 0
8699 0
8700 0
8701 0
8702 0
8703 0
8704 0
8705 0
8706 0
8707 0
8708 0
8709 0
8710 0
8711 0
8712 0
8713 0
8714 1
8715 0
8716 0
8717 0
8718 0
8719 0
8720 0
8721 0
8722 0
8723 0
8724 1
8725 0
8726 0
8727 1
8728 0
8729 0
8730 0
8731 0
8732 0
8733 0
8734 0
8735 0
8736 0
8737 0
8738 0
8739 0
8740 0
8741 0
8742 0
8743 0
8744 0
8745 1
8746 1
8747 0
8748 1
8749 0
8750 0
8751 0
8752 0
8753 0
8754 0
8755 0
8756 0
8757 0
8758 0
8759 0
8760 0
8761 0
8762 0
8763 1
8764 1
8765 1
8766 0
8767 0
8768 0
8769 0
8770 0
8771 0
8772 0
8773 0
8774 0
8775 0
8776 0
8777 0
8778 0
8779 0
8780 0
8781 0
8782 1
8783 0
8784 0
8785 0
8786 0
8787 0
8788 0
8789 1
8790 1
8791 2
8792 0
8793 0
8794 0
8795 2
8796 0
8797 0
8798 0
8799 0
8800 0
8801 0
8802 0
8803 0
8804 0
8805 1
8806 0
8807 0
8808 0
8809 0
8810 0
8811 0
8812 0
8813 1
8814 0
8815 0
8816 0
8817 0
8818 0
8819 0
8820 0
8821 0
8822 0
8823 0
8824 1
8825 0
8826 1
8827 0
8828 0
8829 0
8830 0
8831 0
8832 0
8833 0
8834 0
8835 0
8836 0
8837 1
8838 0
8839 0
8840 0
8841 0
8842 0
8843 1
8844 0
8845 0
8846 0
8847 0
8848 0
8849 0
8850 0
8851 0
8852 0
8853 0
8854 1
8855 0
8856 0
8857 0
8858 0
8859 0
8860 0
8861 0
8862 0
8863 0
8864 2
8865 0
8866 0
8867 0
8868 0
8869 0
8870 0
8871 1
8872 0
8873 0
8874 0
8875 0
8876 0
8877 0
8878 0
8879 0
8880 0
8881 0
8882 0
8883 0
8884 0
8885 0
8886 0
8887 0
8888 0
8889 0
8890 0
8891 0
8892 0
8893 1
8894 0
8895 0
8896 0
8897 0
8898 1
8899 0
8900 0
8901 2
8902 0
8903 2
8904 0
8905 0
8906 2
8907 0
8908 0
8909 1
8910 0
8911 0
8912 0
8913 1
8914 0
8915 1
8916 0
8917 0
8918 0
8919 1
8920 0
8921 1
8922 0
8923 0
8924 0
8925 1
8926 0
8927 0
8928 0
8929 0
8930 1
8931 0
8932 1
8933 0
8934 0
8935 0
8936 0
8937 0
8938 0
8939 0
8940 0
8941 1
8942 0
8943 0
8944 0
8945 0
8946 0
8947 0
8948 0
8949 0
8950 1
8951 0
8952 0
8953 0
8954 0
8955 1
8956 0
8957 0
8958 0
8959 0
8960 0
8961 0
8962 0
8963 0
8964 1
8965 0
8966 0
8967 0
8968 0
8969 0
8970 0
8971 1
8972 0
8973 0
8974 0
8975 0
8976 0
8977 0
8978 0
8979 0
8980 0
8981 0
8982 0
8983 0
8984 0
8985 1
8986 1
8987 0
8988 0
8989 1
8990 0
8991 0
8992 0
8993 0
8994 0
8995 0
8996 0
8997 0
8998 0
8999 0
9000 0
9001 0
9002 0
9003 0
9004 0
9005 0
9006 1
9007 0
9008 0
9009 0
9010 0
9011 0
9012 0
9013 0
9014 0
9015 0
9016 0
9017 0
9018 0
9019 0
9020 0
9021 0
9022 0
9023 0
9024 0
9025 0
9026 0
9027 0
9028 0
9029 0
9030 0
9031 1
9032 0
9033 0
9034 0
9035 0
9036 0
9037 0
9038 0
9039 0
9040 0
9041 0
9042 0
9043 0
9044 0
9045 0
9046 0
9047 1
9048 0
9049 0
9050 0
9051 0
9052 0
9053 0
9054 0
9055 0
9056 0
9057 0
9058 1
9059 0
9060 0
9061 0
9062 0
9063 0
9064 0
9065 0
9066 1
9067 0
9068 0
9069 2
9070 0
9071 0
9072 0
9073 0
9074 0
9075 0
9076 0
9077 0
9078 0
9079 0
9080 0
9081 0
9082 0
9083 0
9084 0
9085 2
9086 0
9087 0
9088 0
9089 0
9090 0
9091 0
9092 0
9093 0
9094 0
9095 2
9096 0
9097 0
9098 0
9099 0
9100 0
9101 0
9102 0
9103 0
9104 0
9105 0
9106 0
9107 0
9108 0
9109 0
9110 1
9111 0
9112 0
9113 0
9114 0
9115 0
9116 0
9117 0
9118 0
9119 0
9120 0
9121 0
9122 0
9123 0
9124 1
9125 0
9126 0
9127 0
9128 0
9129 0
9130 1
9131 0
9132 0
9133 0
9134 0
9135 0
9136 0
9137 0
9138 0
9139 0
9140 0
9141 0
9142 1
9143 0
9144 0
9145 0
9146 0
9147 0
9148 0
9149 0
9150 0
9151 0
9152 0
9153 0
9154 0
9155 0
9156 1
9157 0
9158 0
9159 0
9160 0
9161 0
9162 0
9163 0
9164 0
9165 1
9166 0
9167 1
9168 0
9169 1
9170 0
9171 0
9172 0
9173 0
9174 0
9175 0
9176 0
9177 0
9178 0
9179 0
9180 0
9181 0
9182 0
9183 0
9184 0
9185 0
9186 0
9187 0
9188 0
9189 0
9190 0
9191 0
9192 0
9193 0
9194 0
9195 0
9196 0
9197 0
9198 0
9199 0
9200 0
9201 1
9202 0
9203 0
9204 0
9205 1
9206 0
9207 0
9208 0
9209 0
9210 0
9211 0
9212 0
9213 0
9214 0
9215 0
9216 0
9217 0
9218 0
9219 0
9220 0
9221 0
9222 0
9223 0
9224 0
9225 0
9226 0
9227 0
9228 2
9229 0
9230 1
9231 0
9232 0
9233 0
9234 1
9235 0
9236 0
9237 0
9238 0
9239 1
9240 0
9241 0
9242 0
9243 0
9244 0
9245 1
9246 0
9247 0
9248 1
9249 0
9250 0
9251 0
9252 0
9253 0
9254 0
9255 0
9256 0
9257 1
9258 0
9259 0
9260 1
9261 0
9262 0
9263 0
9264 1
9265 0
9266 1
9267 0
9268 0
9269 0
9270 0
9271 0
9272 0
9273 0
9274 0
9275 0
9276 0
9277 0
9278 0
9279 0
9280 0
9281 0
9282 0
9283 0
9284 0
9285 1
9286 0
9287 0
9288 0
9289 0
9290 0
9291 0
9292 0
9293 0
9294 0
9295 0
9296 0
9297 1
9298 0
9299 1
9300 0
9301 0
9302 1
9303 0
9304 0
9305 0
9306 0
9307 1
9308 0
9309 0
9310 0
9311 0
9312 0
9313 0
9314 0
9315 0
9316 0
9317 0
9318 0
9319 1
9320 0
9321 0
9322 0
9323 0
9324 0
9325 0
9326 0
9327 1
9328 1
9329 0
9330 0
9331 0
9332 0
9333 0
9334 0
9335 0
9336 1
9337 0
9338 0
9339 0
9340 0
9341 0
9342 0
9343 1
9344 0
9345 0
9346 0
9347 0
9348 0
9349 0
9350 0
9351 0
9352 1
9353 0
9354 0
9355 0
9356 0
9357 2
9358 0
9359 0
9360 0
9361 1
9362 0
9363 0
9364 0
9365 0
9366 0
9367 0
9368 0
9369 0
9370 0
9371 0
9372 0
9373 0
9374 1
9375 1
9376 0
9377 0
9378 0
9379 0
9380 0
9381 0
9382 0
9383 0
9384 0
9385 1
9386 0
9387 0
9388 0
9389 0
9390 0
9391 0
9392 0
9393 0
9394 0
9395 0
9396 0
9397 1
9398 0
9399 0
9400 0
9401 0
9402 0
9403 0
9404 0
9405 0
9406 0
9407 0
9408 0
9409 2
9410 1
9411 0
9412 0
9413 0
9414 0
9415 0
9416 0
9417 0
9418 0
9419 0
9420 0
9421 0
9422 0
9423 1
9424 0
9425 0
9426 0
9427 0
9428 0
9429 0
9430 0
9431 1
9432 0
9433 0
9434 0
9435 0
9436 0
9437 0
9438 0
9439 0
9440 0
9441 1
9442 0
9443 0
9444 0
9445 0
9446 0
9447 0
9448 1
9449 0
9450 0
9451 0
9452 0
9453 0
9454 0
9455 0
9456 0
9457 0
9458 1
9459 0
9460 0
9461 0
9462 0
9463 0
9464 0
9465 0
9466 0
9467 0
9468 0
9469 0
9470 0
9471 2
9472 0
9473 0
9474 0
9475 0
9476 0
9477 1
9478 0
9479 0
9480 0
9481 0
9482 0
9483 0
9484 0
9485 0
9486 0
9487 0
9488 0
9489 0
9490 0
9491 1
9492 0
9493 0
9494 0
9495 0
9496 0
9497 0
9498 0
9499 0
9500 0
9501 0
9502 0
9503 0
9504 0
9505 0
9506 0
9507 1
9508 1
9509 0
9510 0
9511 0
9512 0
9513 0
9514 0
9515 0
9516 0
9517 0
9518 0
9519 0
9520 0
9521 0
9522 0
9523 0
9524 0
9525 0
9526 0
9527 0
9528 0
9529 0
9530 0
9531 0
9532 0
9533 0
9534 0
9535 0
9536 0
9537 0
9538 0
9539 0
9540 0
9541 1
9542 0
9543 0
9544 0
9545 0
9546 1
9547 0
9548 0
9549 0
9550 0
9551 1
9552 0
9553 0
9554 0
9555 0
9556 0
9557 0
9558 0
9559 0
9560 0
9561 1
9562 0
9563 0
9564 0
9565 1
9566 1
9567 0
9568 0
9569 0
9570 1
9571 0
9572 0
9573 0
9574 0
9575 0
9576 0
9577 0
9578 0
9579 0
9580 0
9581 1
9582 0
9583 0
9584 0
9585 0
9586 0
9587 0
9588 0
9589 0
9590 0
9591 0
9592 0
9593 0
9594 0
9595 0
9596 0
9597 0
9598 0
9599 0
9600 0
9601 1
9602 0
9603 0
9604 0
9605 0
9606 0
9607 0
9608 0
9609 0
9610 0
9611 0
9612 0
9613 0
9614 1
9615 0
9616 0
9617 1
9618 0
9619 0
9620 0
9621 0
9622 0
9623 0
9624 0
9625 0
9626 0
9627 0
9628 0
9629 0
9630 0
9631 0
9632 0
9633 0
9634 0
9635 0
9636 0
9637 0
9638 0
9639 0
9640 0
9641 0
9642 0
9643 0
9644 0
9645 1
9646 0
9647 0
9648 0
9649 0
9650 0
9651 0
9652 0
9653 0
9654 0
9655 0
9656 0
9657 1
9658 0
9659 0
9660 0
9661 0
9662 0
9663 0
9664 0
9665 0
9666 0
9667 1
9668 0
9669 0
9670 0
9671 0
9672 0
9673 1
9674 0
9675 1
9676 0
9677 0
9678 0
9679 0
9680 0
9681 0
9682 0
9683 0
9684 0
9685 0
9686 0
9687 0
9688 1
9689 0
9690 1
9691 0
9692 0
9693 0
9694 0
9695 0
9696 0
9697 0
9698 0
9699 0
9700 0
9701 0
9702 0
9703 0
9704 0
9705 0
9706 1
9707 0
9708 0
9709 0
9710 0
9711 1
9712 0
9713 0
9714 1
9715 0
9716 0
9717 0
9718 1
9719 0
9720 0
9721 0
9722 0
9723 1
9724 0
9725 0
9726 0
9727 0
9728 0
9729 0
9730 1
9731 0
9732 0
9733 0
9734 0
9735 0
9736 0
9737 0
9738 0
9739 0
9740 0
9741 0
9742 0
9743 0
9744 0
9745 0
9746 0
9747 0
9748 0
9749 0
9750 0
9751 0
9752 1
9753 0
9754 0
9755 0
9756 0
9757 1
9758 0
9759 0
9760 0
9761 0
9762 0
9763 0
9764 0
9765 1
9766 0
9767 2
9768 0
9769 0
9770 0
9771 0
9772 0
9773 0
9774 0
9775 0
9776 0
9777 0
9778 0
9779 0
9780 0
9781 0
9782 0
9783 0
9784 0
9785 0
9786 0
9787 0
9788 0
9789 0
9790 1
9791 0
9792 0
9793 0
9794 0
9795 0
9796 0
9797 0
9798 0
9799 1
9800 0
9801 0
9802 0
9803 0
9804 0
9805 1
9806 0
9807 0
9808 1
9809 0
9810 0
9811 0
9812 0
9813 0
9814 0
9815 0
9816 0
9817 0
9818 0
9819 0
9820 0
9821 0
9822 0
9823 0
9824 0
9825 0
9826 0
9827 1
9828 0
9829 0
9830 0
9831 0
9832 1
9833 0
9834 0
9835 0
9836 1
9837 0
9838 0
9839 0
9840 0
9841 0
9842 0
9843 0
9844 0
9845 0
9846 0
9847 0
9848 1
9849 1
9850 0
9851 0
9852 0
9853 0
9854 0
9855 0
9856 0
9857 0
9858 0
9859 0
9860 0
9861 0
9862 1
9863 0
9864 0
9865 0
9866 1
9867 0
9868 0
9869 0
9870 0
9871 0
9872 1
9873 0
9874 0
9875 0
9876 0
9877 0
9878 0
9879 0
9880 1
9881 1
9882 1
9883 0
9884 2
9885 1
9886 0
9887 0
9888 0
9889 0
9890 0
9891 0
9892 2
9893 0
9894 0
9895 0
9896 0
9897 0
9898 0
9899 0
9900 0
9901 0
9902 0
9903 0
9904 0
9905 0
9906 0
9907 1
9908 0
9909 0
9910 0
9911 0
9912 0
9913 1
9914 0
9915 1
9916 0
9917 0
9918 1
9919 0
9920 0
9921 0
9922 0
9923 0
9924 0
9925 0
9926 0
9927 0
9928 1
9929 0
9930 1
9931 0
9932 0
9933 0
9934 0
9935 1
9936 0
9937 0
9938 1
9939 0
9940 0
9941 0
9942 0
9943 0
9944 0
9945 0
9946 0
9947 0
9948 0
9949 0
9950 0
9951 0
9952 0
9953 0
9954 0
9955 0
9956 0
9957 0
9958 0
9959 0
9960 0
9961 0
9962 0
9963 0
9964 1
9965 0
9966 0
9967 1
9968 0
9969 1
9970 0
9971 0
9972 1
9973 0
9974 0
9975 0
9976 0
9977 1
9978 0
9979 0
9980 0
9981 0
9982 0
9983 0
9984 0
9985 1
9986 0
9987 0
9988 0
9989 0
9990 0
9991 0
9992 0
9993 0
9994 0
9995 0
9996 0
9997 0
9998 0
9999 0
10000 0
10001 2775
