# Title:27-mer spectra for: derep04.fa
# XLabel:27-mer frequency
# YLabel:# distinct 27-mers
# Kmer value:27
# Input 1:dereplicated_fasta/derep04.fa
###
1 3672605
2 594806
3 289346
4 183698
5 128268
6 95367
7 75866
8 59704
9 48120
10 39331
11 34437
12 29402
13 25431
14 22017
15 19168
16 17706
17 15846
18 14218
19 12786
20 11969
21 10577
22 10062
23 9201
24 8406
25 7991
26 7352
27 7218
28 6872
29 6482
30 5819
31 5448
32 5207
33 4854
34 4539
35 4148
36 4094
37 3899
38 3785
39 3529
40 3426
41 3093
42 3073
43 2994
44 2690
45 2685
46 2528
47 2411
48 2180
49 2282
50 2181
51 2194
52 2105
53 1968
54 2018
55 1938
56 1860
57 1814
58 1736
59 1634
60 1527
61 1471
62 1441
63 1291
64 1247
65 1258
66 1304
67 1224
68 1233
69 1141
70 1084
71 1014
72 1073
73 979
74 1041
75 1013
76 932
77 939
78 913
79 942
80 892
81 841
82 859
83 787
84 701
85 685
86 641
87 613
88 634
89 651
90 625
91 597
92 632
93 584
94 530
95 573
96 591
97 561
98 521
99 503
100 494
101 534
102 481
103 472
104 478
105 421
106 393
107 423
108 424
109 417
110 396
111 427
112 439
113 417
114 416
115 389
116 430
117 418
118 396
119 417
120 420
121 404
122 409
123 335
124 338
125 317
126 322
127 300
128 284
129 264
130 265
131 313
132 285
133 317
134 287
135 266
136 309
137 307
138 316
139 287
140 272
141 308
142 247
143 259
144 277
145 263
146 269
147 262
148 262
149 241
150 251
151 245
152 256
153 239
154 241
155 263
156 251
157 248
158 229
159 236
160 236
161 230
162 229
163 198
164 186
165 194
166 202
167 222
168 185
169 215
170 190
171 172
172 158
173 157
174 152
175 158
176 146
177 142
178 138
179 160
180 150
181 149
182 150
183 147
184 143
185 158
186 111
187 144
188 147
189 138
190 156
191 123
192 146
193 140
194 161
195 105
196 122
197 122
198 119
199 104
200 121
201 126
202 125
203 111
204 120
205 126
206 103
207 132
208 98
209 101
210 92
211 90
212 79
213 118
214 96
215 92
216 81
217 62
218 98
219 95
220 69
221 80
222 61
223 78
224 63
225 91
226 71
227 92
228 71
229 70
230 73
231 69
232 74
233 65
234 67
235 65
236 67
237 64
238 63
239 83
240 63
241 72
242 72
243 70
244 83
245 58
246 65
247 61
248 63
249 61
250 50
251 48
252 66
253 55
254 64
255 62
256 63
257 60
258 56
259 54
260 50
261 58
262 73
263 58
264 64
265 74
266 62
267 62
268 58
269 56
270 62
271 51
272 50
273 41
274 55
275 50
276 46
277 40
278 48
279 44
280 42
281 39
282 37
283 45
284 34
285 46
286 45
287 42
288 38
289 31
290 27
291 29
292 25
293 29
294 32
295 24
296 35
297 37
298 39
299 41
300 48
301 38
302 34
303 26
304 29
305 38
306 40
307 42
308 34
309 39
310 34
311 27
312 32
313 36
314 32
315 36
316 23
317 28
318 26
319 26
320 23
321 24
322 25
323 22
324 18
325 27
326 27
327 32
328 26
329 16
330 20
331 27
332 27
333 22
334 30
335 27
336 32
337 43
338 34
339 29
340 29
341 27
342 22
343 31
344 34
345 31
346 30
347 33
348 22
349 31
350 33
351 25
352 15
353 18
354 23
355 24
356 25
357 24
358 25
359 28
360 29
361 31
362 14
363 22
364 15
365 17
366 15
367 12
368 16
369 24
370 26
371 18
372 24
373 16
374 23
375 22
376 17
377 21
378 24
379 14
380 22
381 27
382 26
383 26
384 20
385 23
386 21
387 17
388 9
389 18
390 15
391 17
392 19
393 26
394 17
395 16
396 32
397 28
398 27
399 16
400 20
401 12
402 24
403 18
404 23
405 22
406 14
407 15
408 24
409 27
410 21
411 11
412 29
413 20
414 12
415 22
416 17
417 24
418 14
419 14
420 26
421 17
422 19
423 11
424 11
425 13
426 13
427 13
428 11
429 14
430 11
431 11
432 10
433 16
434 11
435 10
436 15
437 11
438 14
439 15
440 11
441 13
442 5
443 13
444 9
445 13
446 11
447 12
448 17
449 9
450 11
451 13
452 12
453 16
454 11
455 12
456 9
457 13
458 8
459 15
460 18
461 17
462 13
463 10
464 10
465 13
466 15
467 17
468 11
469 11
470 13
471 10
472 6
473 14
474 7
475 10
476 9
477 11
478 6
479 7
480 9
481 9
482 7
483 4
484 7
485 4
486 9
487 7
488 9
489 7
490 9
491 17
492 14
493 13
494 6
495 4
496 8
497 5
498 7
499 4
500 6
501 15
502 11
503 8
504 6
505 7
506 4
507 6
508 5
509 6
510 9
511 14
512 10
513 9
514 9
515 9
516 9
517 15
518 13
519 12
520 9
521 6
522 6
523 9
524 5
525 7
526 8
527 10
528 6
529 5
530 6
531 9
532 8
533 11
534 6
535 6
536 4
537 7
538 8
539 10
540 7
541 10
542 7
543 7
544 7
545 10
546 11
547 11
548 12
549 7
550 10
551 11
552 15
553 12
554 10
555 14
556 6
557 10
558 7
559 8
560 10
561 13
562 9
563 12
564 7
565 8
566 6
567 9
568 6
569 11
570 8
571 7
572 4
573 2
574 5
575 6
576 5
577 6
578 10
579 8
580 6
581 6
582 6
583 6
584 3
585 11
586 7
587 2
588 5
589 5
590 5
591 6
592 4
593 2
594 5
595 5
596 9
597 8
598 10
599 8
600 3
601 8
602 3
603 2
604 7
605 6
606 9
607 10
608 5
609 6
610 10
611 4
612 8
613 7
614 2
615 4
616 5
617 6
618 6
619 5
620 3
621 8
622 3
623 7
624 5
625 3
626 4
627 6
628 5
629 7
630 8
631 4
632 4
633 4
634 9
635 10
636 8
637 4
638 4
639 6
640 8
641 5
642 4
643 4
644 6
645 6
646 10
647 4
648 4
649 4
650 7
651 5
652 6
653 3
654 7
655 9
656 8
657 12
658 5
659 6
660 7
661 6
662 5
663 7
664 12
665 9
666 4
667 7
668 7
669 11
670 1
671 8
672 9
673 9
674 10
675 11
676 11
677 12
678 5
679 7
680 10
681 11
682 8
683 7
684 7
685 7
686 7
687 12
688 7
689 15
690 7
691 6
692 9
693 3
694 8
695 11
696 6
697 8
698 3
699 4
700 12
701 4
702 12
703 5
704 8
705 5
706 5
707 11
708 7
709 6
710 7
711 4
712 8
713 9
714 3
715 4
716 3
717 5
718 8
719 6
720 3
721 5
722 4
723 8
724 6
725 7
726 6
727 6
728 10
729 6
730 8
731 2
732 8
733 9
734 4
735 5
736 6
737 7
738 8
739 5
740 9
741 12
742 8
743 12
744 4
745 5
746 8
747 2
748 6
749 3
750 4
751 1
752 4
753 6
754 8
755 10
756 9
757 5
758 7
759 6
760 8
761 5
762 5
763 10
764 7
765 7
766 7
767 10
768 9
769 7
770 4
771 5
772 4
773 6
774 6
775 5
776 3
777 0
778 6
779 8
780 7
781 4
782 7
783 4
784 5
785 2
786 5
787 4
788 8
789 4
790 4
791 7
792 7
793 5
794 4
795 6
796 5
797 3
798 7
799 8
800 3
801 2
802 3
803 1
804 5
805 10
806 3
807 7
808 4
809 5
810 3
811 4
812 4
813 6
814 4
815 6
816 4
817 5
818 4
819 3
820 6
821 7
822 6
823 4
824 5
825 4
826 11
827 2
828 3
829 4
830 7
831 7
832 4
833 4
834 4
835 2
836 6
837 4
838 4
839 5
840 6
841 1
842 7
843 4
844 5
845 4
846 5
847 7
848 5
849 3
850 6
851 5
852 5
853 2
854 3
855 2
856 2
857 5
858 6
859 4
860 1
861 5
862 4
863 7
864 3
865 6
866 5
867 10
868 5
869 1
870 5
871 3
872 1
873 9
874 7
875 4
876 6
877 5
878 4
879 2
880 3
881 4
882 4
883 4
884 4
885 2
886 7
887 3
888 1
889 4
890 4
891 5
892 5
893 5
894 2
895 4
896 4
897 3
898 4
899 5
900 1
901 7
902 2
903 1
904 1
905 5
906 6
907 2
908 4
909 3
910 4
911 2
912 7
913 4
914 8
915 1
916 5
917 5
918 5
919 6
920 8
921 1
922 5
923 9
924 7
925 3
926 4
927 5
928 5
929 6
930 3
931 5
932 3
933 8
934 2
935 12
936 5
937 4
938 2
939 5
940 1
941 4
942 4
943 1
944 2
945 2
946 3
947 8
948 5
949 6
950 4
951 5
952 6
953 5
954 4
955 3
956 1
957 3
958 5
959 3
960 3
961 5
962 5
963 2
964 3
965 3
966 3
967 3
968 2
969 5
970 5
971 6
972 3
973 4
974 0
975 2
976 3
977 3
978 5
979 0
980 1
981 5
982 2
983 5
984 4
985 4
986 4
987 2
988 5
989 4
990 2
991 7
992 5
993 3
994 6
995 9
996 2
997 0
998 7
999 4
1000 1
1001 2
1002 3
1003 4
1004 1
1005 0
1006 2
1007 2
1008 6
1009 6
1010 4
1011 5
1012 4
1013 2
1014 4
1015 6
1016 5
1017 7
1018 4
1019 6
1020 4
1021 9
1022 5
1023 4
1024 7
1025 6
1026 2
1027 7
1028 2
1029 3
1030 7
1031 5
1032 9
1033 9
1034 4
1035 2
1036 1
1037 6
1038 3
1039 8
1040 5
1041 4
1042 3
1043 3
1044 2
1045 2
1046 2
1047 5
1048 3
1049 6
1050 1
1051 3
1052 4
1053 2
1054 2
1055 4
1056 1
1057 3
1058 7
1059 3
1060 4
1061 4
1062 3
1063 4
1064 0
1065 1
1066 4
1067 4
1068 4
1069 2
1070 3
1071 8
1072 4
1073 3
1074 3
1075 3
1076 2
1077 3
1078 1
1079 3
1080 4
1081 1
1082 0
1083 2
1084 5
1085 3
1086 2
1087 0
1088 5
1089 3
1090 0
1091 1
1092 3
1093 1
1094 3
1095 3
1096 2
1097 2
1098 4
1099 2
1100 0
1101 3
1102 1
1103 2
1104 2
1105 2
1106 1
1107 3
1108 5
1109 3
1110 2
1111 3
1112 1
1113 1
1114 1
1115 5
1116 6
1117 5
1118 2
1119 4
1120 3
1121 1
1122 3
1123 0
1124 1
1125 3
1126 2
1127 1
1128 3
1129 4
1130 2
1131 7
1132 6
1133 3
1134 3
1135 2
1136 4
1137 2
1138 1
1139 4
1140 4
1141 5
1142 4
1143 6
1144 1
1145 4
1146 1
1147 5
1148 1
1149 4
1150 3
1151 1
1152 0
1153 3
1154 0
1155 4
1156 2
1157 0
1158 2
1159 3
1160 2
1161 4
1162 1
1163 0
1164 0
1165 1
1166 1
1167 2
1168 0
1169 0
1170 1
1171 1
1172 5
1173 1
1174 0
1175 3
1176 1
1177 1
1178 1
1179 3
1180 2
1181 2
1182 3
1183 0
1184 0
1185 0
1186 1
1187 3
1188 1
1189 2
1190 2
1191 1
1192 0
1193 2
1194 2
1195 1
1196 3
1197 0
1198 1
1199 2
1200 2
1201 1
1202 2
1203 2
1204 1
1205 0
1206 1
1207 1
1208 5
1209 0
1210 1
1211 3
1212 3
1213 1
1214 5
1215 0
1216 0
1217 1
1218 0
1219 4
1220 4
1221 2
1222 1
1223 2
1224 1
1225 1
1226 1
1227 5
1228 1
1229 1
1230 0
1231 1
1232 2
1233 1
1234 1
1235 1
1236 0
1237 3
1238 2
1239 4
1240 0
1241 3
1242 1
1243 6
1244 3
1245 1
1246 3
1247 0
1248 0
1249 1
1250 1
1251 4
1252 2
1253 5
1254 1
1255 1
1256 0
1257 1
1258 0
1259 3
1260 1
1261 2
1262 3
1263 1
1264 0
1265 4
1266 1
1267 2
1268 2
1269 2
1270 1
1271 2
1272 2
1273 2
1274 1
1275 1
1276 1
1277 1
1278 2
1279 3
1280 3
1281 2
1282 1
1283 0
1284 3
1285 1
1286 1
1287 1
1288 0
1289 4
1290 3
1291 2
1292 1
1293 2
1294 2
1295 2
1296 1
1297 2
1298 0
1299 5
1300 1
1301 1
1302 4
1303 1
1304 1
1305 1
1306 1
1307 4
1308 0
1309 1
1310 1
1311 0
1312 0
1313 3
1314 1
1315 1
1316 2
1317 2
1318 3
1319 1
1320 1
1321 2
1322 1
1323 0
1324 1
1325 1
1326 2
1327 4
1328 1
1329 4
1330 1
1331 2
1332 1
1333 1
1334 1
1335 3
1336 3
1337 5
1338 2
1339 2
1340 3
1341 2
1342 0
1343 1
1344 1
1345 0
1346 2
1347 1
1348 1
1349 3
1350 3
1351 0
1352 2
1353 1
1354 1
1355 2
1356 2
1357 3
1358 2
1359 3
1360 2
1361 5
1362 1
1363 2
1364 2
1365 1
1366 2
1367 3
1368 1
1369 1
1370 1
1371 2
1372 1
1373 2
1374 1
1375 2
1376 1
1377 1
1378 3
1379 0
1380 2
1381 2
1382 2
1383 2
1384 4
1385 2
1386 2
1387 1
1388 1
1389 2
1390 1
1391 3
1392 1
1393 1
1394 4
1395 0
1396 1
1397 2
1398 1
1399 2
1400 3
1401 2
1402 1
1403 1
1404 3
1405 0
1406 2
1407 1
1408 0
1409 2
1410 3
1411 2
1412 1
1413 1
1414 0
1415 3
1416 0
1417 1
1418 1
1419 2
1420 0
1421 0
1422 3
1423 1
1424 3
1425 2
1426 2
1427 2
1428 1
1429 1
1430 2
1431 2
1432 1
1433 2
1434 0
1435 1
1436 2
1437 2
1438 1
1439 1
1440 3
1441 1
1442 0
1443 3
1444 1
1445 2
1446 0
1447 2
1448 2
1449 2
1450 3
1451 3
1452 1
1453 2
1454 1
1455 1
1456 3
1457 1
1458 3
1459 3
1460 0
1461 3
1462 4
1463 1
1464 2
1465 0
1466 2
1467 2
1468 1
1469 0
1470 0
1471 0
1472 0
1473 1
1474 0
1475 2
1476 0
1477 1
1478 5
1479 2
1480 1
1481 2
1482 3
1483 3
1484 3
1485 2
1486 1
1487 3
1488 2
1489 0
1490 2
1491 2
1492 1
1493 0
1494 1
1495 2
1496 0
1497 0
1498 0
1499 1
1500 4
1501 1
1502 0
1503 1
1504 2
1505 0
1506 1
1507 0
1508 2
1509 2
1510 1
1511 1
1512 0
1513 2
1514 0
1515 2
1516 1
1517 2
1518 0
1519 2
1520 0
1521 0
1522 2
1523 2
1524 1
1525 0
1526 0
1527 1
1528 2
1529 1
1530 0
1531 0
1532 1
1533 1
1534 1
1535 1
1536 2
1537 1
1538 0
1539 1
1540 2
1541 2
1542 1
1543 1
1544 0
1545 1
1546 0
1547 2
1548 0
1549 1
1550 0
1551 3
1552 2
1553 0
1554 2
1555 1
1556 0
1557 0
1558 0
1559 0
1560 0
1561 1
1562 1
1563 1
1564 0
1565 1
1566 0
1567 2
1568 0
1569 0
1570 0
1571 0
1572 2
1573 1
1574 2
1575 0
1576 0
1577 0
1578 1
1579 2
1580 0
1581 1
1582 0
1583 1
1584 0
1585 0
1586 2
1587 0
1588 1
1589 0
1590 1
1591 2
1592 1
1593 1
1594 1
1595 2
1596 0
1597 0
1598 1
1599 2
1600 0
1601 2
1602 1
1603 0
1604 1
1605 1
1606 2
1607 0
1608 4
1609 1
1610 2
1611 4
1612 0
1613 2
1614 1
1615 0
1616 0
1617 3
1618 1
1619 0
1620 0
1621 0
1622 2
1623 1
1624 0
1625 0
1626 2
1627 0
1628 2
1629 0
1630 0
1631 0
1632 0
1633 0
1634 1
1635 1
1636 1
1637 2
1638 0
1639 2
1640 1
1641 3
1642 0
1643 1
1644 2
1645 1
1646 1
1647 1
1648 2
1649 2
1650 0
1651 2
1652 1
1653 0
1654 0
1655 0
1656 0
1657 0
1658 0
1659 2
1660 0
1661 1
1662 0
1663 0
1664 0
1665 1
1666 0
1667 0
1668 0
1669 2
1670 1
1671 2
1672 3
1673 0
1674 1
1675 0
1676 0
1677 0
1678 3
1679 1
1680 0
1681 1
1682 0
1683 4
1684 1
1685 2
1686 2
1687 0
1688 3
1689 1
1690 0
1691 3
1692 2
1693 0
1694 1
1695 2
1696 1
1697 3
1698 1
1699 0
1700 0
1701 1
1702 2
1703 0
1704 2
1705 1
1706 1
1707 0
1708 1
1709 0
1710 0
1711 0
1712 3
1713 2
1714 1
1715 2
1716 2
1717 2
1718 1
1719 3
1720 1
1721 0
1722 1
1723 2
1724 0
1725 3
1726 3
1727 0
1728 2
1729 0
1730 0
1731 2
1732 2
1733 0
1734 1
1735 0
1736 2
1737 2
1738 2
1739 4
1740 2
1741 0
1742 0
1743 2
1744 0
1745 4
1746 1
1747 3
1748 0
1749 1
1750 1
1751 1
1752 4
1753 3
1754 3
1755 2
1756 1
1757 1
1758 0
1759 0
1760 2
1761 0
1762 2
1763 3
1764 2
1765 1
1766 1
1767 1
1768 3
1769 3
1770 1
1771 0
1772 4
1773 1
1774 1
1775 2
1776 1
1777 1
1778 0
1779 4
1780 1
1781 2
1782 3
1783 1
1784 4
1785 1
1786 0
1787 2
1788 1
1789 3
1790 2
1791 1
1792 0
1793 0
1794 1
1795 3
1796 1
1797 0
1798 2
1799 3
1800 2
1801 2
1802 2
1803 0
1804 5
1805 2
1806 0
1807 0
1808 0
1809 1
1810 3
1811 5
1812 1
1813 1
1814 1
1815 0
1816 0
1817 2
1818 1
1819 2
1820 2
1821 1
1822 0
1823 2
1824 2
1825 1
1826 3
1827 2
1828 0
1829 1
1830 0
1831 2
1832 1
1833 0
1834 1
1835 0
1836 2
1837 3
1838 1
1839 3
1840 3
1841 2
1842 1
1843 1
1844 1
1845 0
1846 0
1847 1
1848 4
1849 3
1850 1
1851 4
1852 2
1853 0
1854 0
1855 1
1856 1
1857 1
1858 4
1859 0
1860 0
1861 1
1862 0
1863 1
1864 1
1865 0
1866 1
1867 1
1868 0
1869 0
1870 1
1871 1
1872 5
1873 0
1874 1
1875 3
1876 0
1877 1
1878 1
1879 1
1880 3
1881 0
1882 1
1883 0
1884 0
1885 1
1886 2
1887 0
1888 2
1889 1
1890 0
1891 0
1892 2
1893 0
1894 1
1895 2
1896 0
1897 2
1898 1
1899 0
1900 0
1901 3
1902 1
1903 0
1904 0
1905 2
1906 0
1907 2
1908 1
1909 1
1910 3
1911 1
1912 3
1913 1
1914 1
1915 1
1916 0
1917 1
1918 1
1919 0
1920 0
1921 0
1922 2
1923 1
1924 1
1925 3
1926 0
1927 0
1928 0
1929 0
1930 1
1931 0
1932 1
1933 2
1934 0
1935 2
1936 0
1937 2
1938 0
1939 2
1940 1
1941 2
1942 1
1943 2
1944 0
1945 3
1946 0
1947 3
1948 0
1949 2
1950 2
1951 3
1952 0
1953 1
1954 0
1955 0
1956 1
1957 0
1958 1
1959 0
1960 0
1961 1
1962 0
1963 1
1964 1
1965 2
1966 1
1967 0
1968 1
1969 0
1970 1
1971 1
1972 0
1973 0
1974 0
1975 0
1976 1
1977 1
1978 3
1979 1
1980 1
1981 1
1982 1
1983 0
1984 0
1985 1
1986 1
1987 1
1988 1
1989 0
1990 0
1991 0
1992 0
1993 2
1994 0
1995 1
1996 1
1997 2
1998 0
1999 0
2000 3
2001 3
2002 1
2003 1
2004 1
2005 0
2006 0
2007 1
2008 0
2009 3
2010 0
2011 0
2012 0
2013 2
2014 0
2015 1
2016 0
2017 0
2018 1
2019 1
2020 1
2021 2
2022 1
2023 1
2024 1
2025 0
2026 1
2027 1
2028 0
2029 0
2030 0
2031 0
2032 0
2033 0
2034 4
2035 1
2036 3
2037 0
2038 1
2039 0
2040 2
2041 1
2042 0
2043 0
2044 2
2045 0
2046 0
2047 0
2048 0
2049 2
2050 0
2051 0
2052 0
2053 0
2054 1
2055 0
2056 2
2057 1
2058 1
2059 1
2060 2
2061 0
2062 0
2063 0
2064 1
2065 0
2066 1
2067 0
2068 1
2069 0
2070 1
2071 0
2072 0
2073 1
2074 0
2075 1
2076 1
2077 0
2078 0
2079 0
2080 1
2081 1
2082 0
2083 0
2084 1
2085 0
2086 2
2087 3
2088 0
2089 1
2090 1
2091 1
2092 1
2093 1
2094 0
2095 1
2096 0
2097 1
2098 0
2099 2
2100 0
2101 1
2102 1
2103 1
2104 0
2105 0
2106 1
2107 0
2108 1
2109 1
2110 0
2111 0
2112 0
2113 0
2114 0
2115 0
2116 5
2117 2
2118 3
2119 2
2120 1
2121 1
2122 1
2123 0
2124 0
2125 0
2126 0
2127 3
2128 0
2129 2
2130 0
2131 1
2132 0
2133 1
2134 0
2135 1
2136 0
2137 1
2138 1
2139 1
2140 3
2141 1
2142 0
2143 0
2144 1
2145 2
2146 1
2147 2
2148 1
2149 2
2150 0
2151 3
2152 0
2153 0
2154 0
2155 1
2156 0
2157 0
2158 1
2159 2
2160 1
2161 0
2162 0
2163 2
2164 1
2165 0
2166 1
2167 0
2168 0
2169 0
2170 1
2171 2
2172 0
2173 2
2174 1
2175 0
2176 1
2177 2
2178 0
2179 0
2180 0
2181 0
2182 2
2183 1
2184 1
2185 0
2186 1
2187 0
2188 0
2189 2
2190 1
2191 1
2192 1
2193 0
2194 0
2195 0
2196 0
2197 0
2198 0
2199 0
2200 1
2201 1
2202 1
2203 0
2204 1
2205 2
2206 2
2207 1
2208 2
2209 2
2210 0
2211 0
2212 1
2213 2
2214 1
2215 0
2216 0
2217 2
2218 0
2219 1
2220 0
2221 1
2222 4
2223 1
2224 0
2225 0
2226 2
2227 1
2228 1
2229 1
2230 1
2231 0
2232 0
2233 0
2234 0
2235 0
2236 1
2237 0
2238 1
2239 0
2240 2
2241 1
2242 1
2243 1
2244 0
2245 0
2246 1
2247 0
2248 0
2249 1
2250 2
2251 0
2252 2
2253 0
2254 0
2255 0
2256 0
2257 2
2258 2
2259 0
2260 2
2261 0
2262 0
2263 1
2264 3
2265 0
2266 1
2267 1
2268 4
2269 2
2270 1
2271 4
2272 0
2273 1
2274 0
2275 1
2276 1
2277 1
2278 2
2279 0
2280 0
2281 1
2282 0
2283 0
2284 1
2285 0
2286 0
2287 0
2288 1
2289 1
2290 0
2291 3
2292 0
2293 2
2294 0
2295 2
2296 1
2297 1
2298 1
2299 3
2300 2
2301 1
2302 0
2303 1
2304 0
2305 1
2306 0
2307 2
2308 2
2309 1
2310 2
2311 0
2312 1
2313 0
2314 2
2315 0
2316 1
2317 0
2318 1
2319 1
2320 1
2321 2
2322 4
2323 1
2324 1
2325 1
2326 1
2327 0
2328 0
2329 1
2330 1
2331 3
2332 0
2333 1
2334 1
2335 2
2336 1
2337 0
2338 2
2339 2
2340 1
2341 1
2342 0
2343 1
2344 0
2345 0
2346 1
2347 2
2348 0
2349 0
2350 0
2351 0
2352 2
2353 1
2354 0
2355 0
2356 0
2357 2
2358 2
2359 0
2360 0
2361 0
2362 0
2363 1
2364 0
2365 1
2366 0
2367 1
2368 0
2369 0
2370 0
2371 2
2372 1
2373 0
2374 2
2375 1
2376 2
2377 0
2378 1
2379 0
2380 0
2381 0
2382 0
2383 1
2384 2
2385 0
2386 0
2387 2
2388 1
2389 0
2390 0
2391 1
2392 2
2393 1
2394 1
2395 2
2396 2
2397 3
2398 1
2399 1
2400 1
2401 1
2402 0
2403 0
2404 2
2405 0
2406 1
2407 1
2408 1
2409 1
2410 1
2411 2
2412 0
2413 3
2414 0
2415 0
2416 2
2417 2
2418 2
2419 1
2420 1
2421 2
2422 1
2423 0
2424 2
2425 1
2426 1
2427 2
2428 1
2429 1
2430 2
2431 0
2432 0
2433 0
2434 0
2435 0
2436 2
2437 3
2438 0
2439 0
2440 1
2441 2
2442 0
2443 0
2444 1
2445 1
2446 2
2447 0
2448 0
2449 1
2450 4
2451 2
2452 0
2453 2
2454 0
2455 1
2456 3
2457 0
2458 2
2459 0
2460 1
2461 0
2462 0
2463 0
2464 0
2465 0
2466 0
2467 2
2468 0
2469 2
2470 0
2471 0
2472 1
2473 0
2474 1
2475 2
2476 0
2477 0
2478 0
2479 0
2480 2
2481 0
2482 0
2483 0
2484 1
2485 0
2486 0
2487 1
2488 0
2489 0
2490 1
2491 0
2492 1
2493 0
2494 1
2495 1
2496 0
2497 0
2498 0
2499 0
2500 1
2501 0
2502 1
2503 1
2504 0
2505 1
2506 2
2507 1
2508 2
2509 0
2510 1
2511 2
2512 1
2513 0
2514 0
2515 0
2516 0
2517 0
2518 0
2519 1
2520 2
2521 0
2522 0
2523 0
2524 2
2525 1
2526 0
2527 1
2528 1
2529 1
2530 0
2531 0
2532 1
2533 1
2534 1
2535 0
2536 0
2537 0
2538 2
2539 2
2540 0
2541 4
2542 1
2543 0
2544 0
2545 0
2546 3
2547 1
2548 1
2549 1
2550 2
2551 1
2552 0
2553 0
2554 1
2555 3
2556 1
2557 2
2558 0
2559 1
2560 1
2561 1
2562 4
2563 1
2564 1
2565 0
2566 1
2567 1
2568 1
2569 0
2570 1
2571 2
2572 0
2573 0
2574 0
2575 2
2576 2
2577 0
2578 1
2579 3
2580 2
2581 0
2582 1
2583 0
2584 2
2585 0
2586 0
2587 2
2588 1
2589 0
2590 2
2591 0
2592 0
2593 1
2594 1
2595 1
2596 0
2597 0
2598 2
2599 2
2600 1
2601 0
2602 2
2603 1
2604 2
2605 1
2606 1
2607 3
2608 2
2609 1
2610 1
2611 1
2612 1
2613 1
2614 2
2615 0
2616 4
2617 1
2618 0
2619 2
2620 1
2621 1
2622 0
2623 1
2624 2
2625 2
2626 0
2627 1
2628 1
2629 1
2630 2
2631 0
2632 1
2633 0
2634 3
2635 5
2636 0
2637 1
2638 1
2639 2
2640 0
2641 1
2642 3
2643 1
2644 1
2645 1
2646 0
2647 0
2648 1
2649 1
2650 2
2651 0
2652 0
2653 2
2654 2
2655 3
2656 2
2657 2
2658 0
2659 0
2660 0
2661 1
2662 0
2663 2
2664 0
2665 0
2666 0
2667 0
2668 1
2669 2
2670 0
2671 2
2672 2
2673 1
2674 0
2675 0
2676 2
2677 0
2678 1
2679 1
2680 0
2681 2
2682 0
2683 0
2684 0
2685 0
2686 0
2687 1
2688 1
2689 2
2690 0
2691 0
2692 1
2693 0
2694 0
2695 1
2696 1
2697 1
2698 2
2699 3
2700 0
2701 0
2702 0
2703 0
2704 1
2705 0
2706 0
2707 0
2708 1
2709 1
2710 0
2711 1
2712 1
2713 0
2714 1
2715 0
2716 2
2717 0
2718 1
2719 0
2720 3
2721 4
2722 2
2723 0
2724 0
2725 1
2726 0
2727 0
2728 0
2729 0
2730 2
2731 0
2732 0
2733 1
2734 0
2735 2
2736 1
2737 0
2738 3
2739 1
2740 1
2741 0
2742 0
2743 1
2744 1
2745 0
2746 1
2747 3
2748 0
2749 1
2750 0
2751 2
2752 1
2753 0
2754 4
2755 1
2756 0
2757 0
2758 0
2759 2
2760 0
2761 3
2762 1
2763 0
2764 2
2765 1
2766 1
2767 0
2768 0
2769 0
2770 2
2771 0
2772 2
2773 0
2774 1
2775 0
2776 0
2777 0
2778 1
2779 1
2780 0
2781 0
2782 0
2783 0
2784 0
2785 1
2786 1
2787 1
2788 1
2789 0
2790 1
2791 0
2792 0
2793 0
2794 1
2795 1
2796 0
2797 2
2798 1
2799 1
2800 1
2801 2
2802 0
2803 0
2804 0
2805 1
2806 1
2807 1
2808 1
2809 2
2810 0
2811 1
2812 1
2813 0
2814 1
2815 1
2816 1
2817 0
2818 1
2819 2
2820 0
2821 0
2822 1
2823 0
2824 0
2825 1
2826 1
2827 0
2828 0
2829 0
2830 1
2831 0
2832 0
2833 0
2834 1
2835 2
2836 0
2837 1
2838 1
2839 0
2840 0
2841 0
2842 2
2843 0
2844 0
2845 0
2846 0
2847 2
2848 0
2849 0
2850 0
2851 1
2852 0
2853 0
2854 0
2855 0
2856 1
2857 2
2858 0
2859 0
2860 0
2861 1
2862 0
2863 0
2864 3
2865 0
2866 1
2867 0
2868 1
2869 0
2870 2
2871 3
2872 0
2873 1
2874 2
2875 1
2876 0
2877 0
2878 2
2879 1
2880 1
2881 1
2882 0
2883 0
2884 2
2885 0
2886 0
2887 0
2888 0
2889 1
2890 1
2891 0
2892 3
2893 1
2894 3
2895 0
2896 0
2897 1
2898 1
2899 1
2900 0
2901 1
2902 2
2903 0
2904 0
2905 0
2906 0
2907 1
2908 0
2909 1
2910 0
2911 1
2912 0
2913 0
2914 1
2915 0
2916 2
2917 0
2918 1
2919 0
2920 0
2921 0
2922 3
2923 0
2924 2
2925 2
2926 1
2927 0
2928 0
2929 0
2930 0
2931 0
2932 0
2933 0
2934 0
2935 0
2936 2
2937 0
2938 0
2939 0
2940 2
2941 0
2942 1
2943 0
2944 0
2945 2
2946 0
2947 0
2948 3
2949 0
2950 1
2951 1
2952 0
2953 0
2954 1
2955 0
2956 0
2957 0
2958 0
2959 0
2960 2
2961 1
2962 0
2963 3
2964 0
2965 1
2966 0
2967 0
2968 3
2969 3
2970 1
2971 0
2972 1
2973 0
2974 0
2975 1
2976 0
2977 0
2978 1
2979 2
2980 3
2981 0
2982 3
2983 0
2984 0
2985 1
2986 1
2987 0
2988 0
2989 1
2990 0
2991 0
2992 1
2993 0
2994 0
2995 0
2996 1
2997 0
2998 2
2999 0
3000 0
3001 0
3002 0
3003 0
3004 0
3005 1
3006 0
3007 0
3008 0
3009 0
3010 0
3011 0
3012 0
3013 1
3014 1
3015 2
3016 0
3017 0
3018 2
3019 0
3020 1
3021 0
3022 0
3023 0
3024 0
3025 0
3026 2
3027 0
3028 1
3029 0
3030 2
3031 2
3032 0
3033 0
3034 1
3035 1
3036 1
3037 0
3038 0
3039 1
3040 0
3041 0
3042 0
3043 1
3044 0
3045 1
3046 1
3047 0
3048 1
3049 1
3050 1
3051 1
3052 0
3053 1
3054 0
3055 1
3056 0
3057 1
3058 0
3059 4
3060 0
3061 1
3062 1
3063 1
3064 1
3065 0
3066 0
3067 0
3068 1
3069 2
3070 1
3071 1
3072 1
3073 1
3074 0
3075 0
3076 1
3077 0
3078 0
3079 0
3080 2
3081 1
3082 1
3083 0
3084 0
3085 0
3086 1
3087 1
3088 1
3089 1
3090 1
3091 0
3092 1
3093 3
3094 1
3095 0
3096 0
3097 0
3098 2
3099 1
3100 0
3101 2
3102 1
3103 0
3104 1
3105 0
3106 0
3107 1
3108 1
3109 1
3110 0
3111 0
3112 1
3113 0
3114 0
3115 1
3116 0
3117 1
3118 0
3119 0
3120 0
3121 0
3122 0
3123 2
3124 0
3125 0
3126 0
3127 1
3128 0
3129 1
3130 0
3131 0
3132 1
3133 0
3134 0
3135 2
3136 0
3137 0
3138 1
3139 0
3140 2
3141 2
3142 0
3143 0
3144 0
3145 1
3146 0
3147 1
3148 4
3149 1
3150 1
3151 2
3152 0
3153 1
3154 0
3155 4
3156 0
3157 1
3158 0
3159 1
3160 0
3161 0
3162 0
3163 1
3164 0
3165 1
3166 0
3167 1
3168 1
3169 1
3170 0
3171 1
3172 3
3173 1
3174 1
3175 0
3176 1
3177 1
3178 0
3179 1
3180 1
3181 1
3182 3
3183 0
3184 2
3185 2
3186 2
3187 1
3188 0
3189 1
3190 1
3191 3
3192 0
3193 3
3194 0
3195 2
3196 0
3197 1
3198 0
3199 1
3200 1
3201 2
3202 3
3203 1
3204 3
3205 0
3206 0
3207 0
3208 1
3209 1
3210 1
3211 0
3212 2
3213 1
3214 2
3215 0
3216 1
3217 1
3218 0
3219 2
3220 2
3221 2
3222 1
3223 2
3224 1
3225 1
3226 0
3227 0
3228 2
3229 1
3230 1
3231 0
3232 0
3233 2
3234 2
3235 1
3236 0
3237 0
3238 0
3239 1
3240 1
3241 0
3242 1
3243 0
3244 0
3245 1
3246 0
3247 0
3248 0
3249 0
3250 2
3251 0
3252 1
3253 0
3254 0
3255 0
3256 0
3257 3
3258 1
3259 1
3260 2
3261 0
3262 1
3263 0
3264 1
3265 0
3266 1
3267 2
3268 0
3269 0
3270 1
3271 2
3272 1
3273 0
3274 2
3275 0
3276 0
3277 1
3278 1
3279 1
3280 0
3281 1
3282 0
3283 0
3284 0
3285 1
3286 1
3287 0
3288 1
3289 0
3290 2
3291 0
3292 0
3293 1
3294 1
3295 1
3296 0
3297 0
3298 3
3299 3
3300 0
3301 0
3302 0
3303 0
3304 2
3305 1
3306 1
3307 0
3308 2
3309 0
3310 1
3311 1
3312 2
3313 0
3314 0
3315 0
3316 0
3317 1
3318 2
3319 1
3320 0
3321 0
3322 1
3323 0
3324 2
3325 1
3326 2
3327 1
3328 0
3329 0
3330 1
3331 2
3332 0
3333 1
3334 1
3335 1
3336 0
3337 3
3338 2
3339 1
3340 2
3341 0
3342 2
3343 0
3344 1
3345 1
3346 0
3347 1
3348 0
3349 2
3350 0
3351 2
3352 2
3353 0
3354 0
3355 1
3356 0
3357 1
3358 3
3359 1
3360 0
3361 0
3362 1
3363 0
3364 0
3365 1
3366 1
3367 1
3368 1
3369 0
3370 0
3371 0
3372 1
3373 1
3374 0
3375 1
3376 0
3377 1
3378 1
3379 0
3380 1
3381 1
3382 0
3383 0
3384 0
3385 0
3386 1
3387 0
3388 1
3389 1
3390 0
3391 1
3392 2
3393 1
3394 0
3395 1
3396 1
3397 1
3398 0
3399 0
3400 0
3401 2
3402 0
3403 0
3404 0
3405 1
3406 1
3407 0
3408 2
3409 0
3410 1
3411 2
3412 2
3413 1
3414 0
3415 0
3416 0
3417 0
3418 0
3419 1
3420 0
3421 1
3422 1
3423 0
3424 0
3425 0
3426 4
3427 0
3428 0
3429 0
3430 1
3431 0
3432 2
3433 0
3434 0
3435 2
3436 0
3437 1
3438 0
3439 0
3440 0
3441 0
3442 2
3443 2
3444 0
3445 1
3446 0
3447 1
3448 1
3449 0
3450 0
3451 1
3452 2
3453 2
3454 1
3455 2
3456 1
3457 0
3458 1
3459 1
3460 2
3461 0
3462 0
3463 2
3464 0
3465 0
3466 0
3467 1
3468 0
3469 1
3470 1
3471 0
3472 1
3473 1
3474 0
3475 1
3476 1
3477 1
3478 0
3479 0
3480 0
3481 0
3482 0
3483 1
3484 0
3485 1
3486 1
3487 1
3488 0
3489 0
3490 0
3491 0
3492 0
3493 0
3494 0
3495 0
3496 1
3497 1
3498 0
3499 0
3500 0
3501 0
3502 1
3503 2
3504 1
3505 0
3506 0
3507 1
3508 1
3509 0
3510 0
3511 1
3512 0
3513 0
3514 0
3515 0
3516 0
3517 0
3518 0
3519 0
3520 0
3521 1
3522 1
3523 1
3524 1
3525 0
3526 0
3527 0
3528 0
3529 0
3530 0
3531 1
3532 0
3533 0
3534 1
3535 1
3536 0
3537 0
3538 0
3539 0
3540 0
3541 0
3542 1
3543 1
3544 0
3545 1
3546 0
3547 1
3548 0
3549 0
3550 0
3551 0
3552 0
3553 0
3554 1
3555 0
3556 1
3557 0
3558 0
3559 1
3560 0
3561 0
3562 1
3563 0
3564 0
3565 0
3566 0
3567 0
3568 0
3569 1
3570 0
3571 2
3572 1
3573 3
3574 2
3575 0
3576 0
3577 0
3578 0
3579 0
3580 1
3581 1
3582 1
3583 1
3584 0
3585 2
3586 0
3587 1
3588 0
3589 0
3590 1
3591 1
3592 0
3593 3
3594 1
3595 0
3596 1
3597 1
3598 0
3599 1
3600 0
3601 1
3602 0
3603 0
3604 1
3605 0
3606 0
3607 1
3608 0
3609 1
3610 0
3611 0
3612 1
3613 1
3614 0
3615 1
3616 0
3617 0
3618 1
3619 0
3620 0
3621 0
3622 0
3623 1
3624 0
3625 0
3626 1
3627 1
3628 2
3629 0
3630 0
3631 1
3632 1
3633 1
3634 1
3635 1
3636 0
3637 1
3638 0
3639 1
3640 1
3641 1
3642 1
3643 0
3644 1
3645 1
3646 0
3647 1
3648 2
3649 0
3650 1
3651 0
3652 0
3653 1
3654 0
3655 0
3656 0
3657 0
3658 0
3659 0
3660 1
3661 0
3662 0
3663 0
3664 0
3665 1
3666 0
3667 0
3668 0
3669 0
3670 1
3671 0
3672 1
3673 0
3674 1
3675 1
3676 1
3677 0
3678 0
3679 0
3680 2
3681 0
3682 0
3683 0
3684 1
3685 1
3686 0
3687 0
3688 0
3689 1
3690 0
3691 0
3692 3
3693 1
3694 0
3695 1
3696 0
3697 2
3698 2
3699 1
3700 1
3701 0
3702 0
3703 1
3704 0
3705 1
3706 1
3707 1
3708 1
3709 0
3710 1
3711 0
3712 1
3713 0
3714 2
3715 1
3716 1
3717 0
3718 1
3719 0
3720 0
3721 1
3722 0
3723 1
3724 1
3725 0
3726 0
3727 1
3728 0
3729 0
3730 0
3731 1
3732 0
3733 0
3734 0
3735 0
3736 0
3737 2
3738 1
3739 2
3740 0
3741 0
3742 0
3743 0
3744 0
3745 1
3746 0
3747 0
3748 0
3749 0
3750 1
3751 0
3752 0
3753 2
3754 0
3755 0
3756 1
3757 0
3758 0
3759 0
3760 1
3761 0
3762 1
3763 1
3764 0
3765 3
3766 0
3767 0
3768 0
3769 1
3770 1
3771 0
3772 0
3773 0
3774 1
3775 0
3776 1
3777 0
3778 2
3779 0
3780 0
3781 1
3782 0
3783 1
3784 1
3785 0
3786 0
3787 0
3788 0
3789 0
3790 0
3791 1
3792 0
3793 0
3794 1
3795 0
3796 0
3797 1
3798 0
3799 1
3800 1
3801 0
3802 1
3803 1
3804 0
3805 0
3806 0
3807 0
3808 0
3809 0
3810 0
3811 1
3812 0
3813 0
3814 0
3815 0
3816 1
3817 0
3818 0
3819 0
3820 2
3821 0
3822 0
3823 2
3824 0
3825 1
3826 0
3827 0
3828 0
3829 0
3830 1
3831 1
3832 1
3833 0
3834 0
3835 1
3836 2
3837 0
3838 0
3839 1
3840 0
3841 0
3842 0
3843 0
3844 0
3845 0
3846 0
3847 0
3848 1
3849 1
3850 2
3851 0
3852 0
3853 0
3854 0
3855 1
3856 0
3857 2
3858 0
3859 1
3860 0
3861 0
3862 0
3863 1
3864 0
3865 1
3866 2
3867 2
3868 0
3869 1
3870 0
3871 1
3872 0
3873 2
3874 1
3875 0
3876 1
3877 0
3878 0
3879 0
3880 0
3881 0
3882 0
3883 1
3884 1
3885 0
3886 0
3887 2
3888 0
3889 3
3890 0
3891 0
3892 0
3893 0
3894 0
3895 0
3896 0
3897 0
3898 0
3899 0
3900 1
3901 0
3902 0
3903 1
3904 0
3905 0
3906 0
3907 1
3908 0
3909 0
3910 0
3911 1
3912 0
3913 1
3914 0
3915 0
3916 0
3917 0
3918 1
3919 1
3920 1
3921 1
3922 2
3923 3
3924 0
3925 0
3926 1
3927 0
3928 0
3929 1
3930 0
3931 1
3932 2
3933 0
3934 0
3935 1
3936 1
3937 1
3938 1
3939 1
3940 1
3941 0
3942 0
3943 1
3944 0
3945 1
3946 0
3947 1
3948 0
3949 0
3950 0
3951 0
3952 0
3953 0
3954 0
3955 1
3956 1
3957 1
3958 2
3959 0
3960 0
3961 2
3962 0
3963 2
3964 0
3965 0
3966 0
3967 0
3968 0
3969 0
3970 3
3971 1
3972 2
3973 1
3974 0
3975 1
3976 1
3977 0
3978 0
3979 0
3980 1
3981 1
3982 0
3983 0
3984 0
3985 1
3986 0
3987 0
3988 1
3989 0
3990 1
3991 1
3992 1
3993 0
3994 0
3995 1
3996 0
3997 0
3998 0
3999 0
4000 0
4001 0
4002 1
4003 0
4004 1
4005 0
4006 0
4007 0
4008 1
4009 0
4010 2
4011 0
4012 0
4013 0
4014 0
4015 0
4016 0
4017 0
4018 0
4019 2
4020 0
4021 1
4022 0
4023 0
4024 0
4025 1
4026 2
4027 0
4028 0
4029 0
4030 0
4031 1
4032 0
4033 0
4034 0
4035 1
4036 0
4037 1
4038 1
4039 0
4040 1
4041 1
4042 1
4043 0
4044 0
4045 1
4046 0
4047 0
4048 1
4049 0
4050 0
4051 0
4052 0
4053 0
4054 0
4055 0
4056 1
4057 0
4058 0
4059 0
4060 0
4061 1
4062 0
4063 1
4064 0
4065 0
4066 1
4067 0
4068 1
4069 1
4070 0
4071 0
4072 1
4073 0
4074 1
4075 0
4076 1
4077 0
4078 0
4079 0
4080 0
4081 1
4082 0
4083 0
4084 0
4085 0
4086 1
4087 0
4088 0
4089 0
4090 0
4091 0
4092 2
4093 0
4094 0
4095 0
4096 0
4097 0
4098 2
4099 0
4100 1
4101 0
4102 0
4103 0
4104 0
4105 0
4106 0
4107 0
4108 0
4109 2
4110 0
4111 0
4112 0
4113 1
4114 0
4115 0
4116 1
4117 0
4118 0
4119 0
4120 0
4121 0
4122 0
4123 2
4124 2
4125 1
4126 1
4127 0
4128 1
4129 0
4130 0
4131 0
4132 1
4133 1
4134 0
4135 0
4136 0
4137 0
4138 2
4139 1
4140 1
4141 0
4142 1
4143 0
4144 3
4145 0
4146 0
4147 0
4148 1
4149 0
4150 0
4151 1
4152 0
4153 0
4154 1
4155 0
4156 0
4157 2
4158 0
4159 0
4160 1
4161 0
4162 0
4163 1
4164 2
4165 0
4166 0
4167 0
4168 0
4169 1
4170 1
4171 0
4172 0
4173 0
4174 0
4175 1
4176 1
4177 0
4178 0
4179 1
4180 0
4181 0
4182 0
4183 0
4184 1
4185 1
4186 1
4187 0
4188 0
4189 1
4190 0
4191 0
4192 0
4193 2
4194 1
4195 0
4196 0
4197 0
4198 0
4199 0
4200 1
4201 2
4202 0
4203 0
4204 0
4205 0
4206 1
4207 0
4208 1
4209 0
4210 0
4211 0
4212 0
4213 0
4214 0
4215 0
4216 0
4217 0
4218 0
4219 0
4220 0
4221 0
4222 0
4223 2
4224 0
4225 0
4226 0
4227 0
4228 0
4229 0
4230 2
4231 0
4232 0
4233 0
4234 2
4235 0
4236 0
4237 0
4238 0
4239 0
4240 1
4241 1
4242 0
4243 1
4244 0
4245 0
4246 0
4247 0
4248 1
4249 1
4250 0
4251 1
4252 0
4253 0
4254 1
4255 0
4256 0
4257 1
4258 0
4259 0
4260 1
4261 0
4262 0
4263 0
4264 1
4265 0
4266 0
4267 1
4268 0
4269 1
4270 0
4271 1
4272 0
4273 0
4274 0
4275 0
4276 1
4277 0
4278 2
4279 0
4280 1
4281 0
4282 0
4283 1
4284 0
4285 0
4286 1
4287 0
4288 1
4289 0
4290 1
4291 0
4292 0
4293 3
4294 1
4295 2
4296 0
4297 1
4298 0
4299 0
4300 1
4301 1
4302 1
4303 1
4304 0
4305 1
4306 0
4307 1
4308 2
4309 1
4310 0
4311 0
4312 0
4313 1
4314 0
4315 0
4316 1
4317 0
4318 0
4319 1
4320 0
4321 2
4322 2
4323 1
4324 1
4325 1
4326 1
4327 0
4328 0
4329 1
4330 0
4331 0
4332 0
4333 0
4334 1
4335 0
4336 0
4337 0
4338 0
4339 1
4340 0
4341 0
4342 1
4343 1
4344 0
4345 0
4346 0
4347 1
4348 0
4349 0
4350 2
4351 0
4352 0
4353 0
4354 2
4355 0
4356 0
4357 1
4358 2
4359 0
4360 2
4361 2
4362 3
4363 0
4364 1
4365 1
4366 0
4367 0
4368 1
4369 0
4370 1
4371 1
4372 0
4373 1
4374 0
4375 1
4376 2
4377 2
4378 1
4379 1
4380 0
4381 0
4382 0
4383 2
4384 0
4385 1
4386 1
4387 2
4388 0
4389 0
4390 0
4391 2
4392 1
4393 2
4394 0
4395 1
4396 2
4397 0
4398 0
4399 0
4400 0
4401 0
4402 1
4403 0
4404 0
4405 1
4406 0
4407 1
4408 1
4409 1
4410 0
4411 1
4412 2
4413 0
4414 3
4415 1
4416 1
4417 0
4418 0
4419 0
4420 0
4421 0
4422 1
4423 1
4424 0
4425 1
4426 0
4427 0
4428 0
4429 0
4430 0
4431 0
4432 0
4433 1
4434 0
4435 1
4436 0
4437 0
4438 0
4439 0
4440 1
4441 0
4442 0
4443 0
4444 0
4445 1
4446 0
4447 0
4448 1
4449 0
4450 1
4451 0
4452 0
4453 0
4454 0
4455 0
4456 0
4457 0
4458 1
4459 0
4460 0
4461 0
4462 1
4463 0
4464 1
4465 0
4466 0
4467 1
4468 0
4469 0
4470 0
4471 0
4472 0
4473 0
4474 0
4475 1
4476 0
4477 2
4478 1
4479 0
4480 1
4481 0
4482 0
4483 3
4484 0
4485 0
4486 1
4487 0
4488 0
4489 0
4490 0
4491 0
4492 1
4493 0
4494 0
4495 0
4496 2
4497 0
4498 0
4499 0
4500 2
4501 0
4502 1
4503 0
4504 1
4505 0
4506 0
4507 0
4508 0
4509 0
4510 1
4511 0
4512 1
4513 0
4514 0
4515 0
4516 0
4517 1
4518 0
4519 0
4520 0
4521 0
4522 0
4523 1
4524 2
4525 0
4526 1
4527 0
4528 2
4529 1
4530 1
4531 0
4532 0
4533 0
4534 0
4535 0
4536 0
4537 0
4538 0
4539 1
4540 0
4541 1
4542 0
4543 0
4544 0
4545 0
4546 0
4547 0
4548 0
4549 0
4550 0
4551 1
4552 0
4553 0
4554 1
4555 0
4556 0
4557 1
4558 0
4559 0
4560 1
4561 1
4562 0
4563 0
4564 0
4565 0
4566 0
4567 0
4568 0
4569 0
4570 0
4571 2
4572 1
4573 2
4574 1
4575 0
4576 0
4577 0
4578 0
4579 0
4580 0
4581 0
4582 0
4583 0
4584 0
4585 0
4586 0
4587 2
4588 2
4589 0
4590 0
4591 0
4592 0
4593 0
4594 1
4595 0
4596 1
4597 0
4598 0
4599 0
4600 0
4601 0
4602 0
4603 1
4604 0
4605 1
4606 0
4607 0
4608 0
4609 0
4610 0
4611 2
4612 1
4613 1
4614 0
4615 0
4616 0
4617 1
4618 0
4619 0
4620 0
4621 0
4622 0
4623 1
4624 2
4625 2
4626 0
4627 0
4628 0
4629 0
4630 0
4631 0
4632 0
4633 0
4634 0
4635 1
4636 0
4637 0
4638 0
4639 1
4640 0
4641 0
4642 0
4643 1
4644 0
4645 1
4646 0
4647 0
4648 1
4649 0
4650 0
4651 0
4652 0
4653 0
4654 1
4655 1
4656 1
4657 0
4658 0
4659 0
4660 0
4661 0
4662 0
4663 0
4664 0
4665 1
4666 0
4667 1
4668 1
4669 2
4670 0
4671 0
4672 0
4673 1
4674 1
4675 0
4676 0
4677 0
4678 0
4679 0
4680 0
4681 0
4682 0
4683 1
4684 0
4685 0
4686 0
4687 0
4688 0
4689 0
4690 0
4691 0
4692 0
4693 0
4694 0
4695 0
4696 0
4697 0
4698 0
4699 0
4700 1
4701 1
4702 0
4703 0
4704 1
4705 1
4706 0
4707 0
4708 0
4709 0
4710 0
4711 0
4712 1
4713 2
4714 0
4715 0
4716 0
4717 0
4718 0
4719 0
4720 1
4721 0
4722 0
4723 0
4724 0
4725 1
4726 0
4727 2
4728 0
4729 1
4730 0
4731 0
4732 0
4733 0
4734 0
4735 1
4736 0
4737 0
4738 0
4739 0
4740 0
4741 0
4742 0
4743 1
4744 0
4745 1
4746 1
4747 0
4748 1
4749 0
4750 0
4751 0
4752 1
4753 1
4754 0
4755 0
4756 2
4757 0
4758 0
4759 1
4760 0
4761 0
4762 0
4763 0
4764 0
4765 2
4766 0
4767 0
4768 0
4769 0
4770 0
4771 0
4772 1
4773 0
4774 2
4775 0
4776 0
4777 0
4778 1
4779 1
4780 1
4781 0
4782 0
4783 0
4784 0
4785 0
4786 0
4787 0
4788 0
4789 0
4790 0
4791 0
4792 1
4793 0
4794 1
4795 0
4796 1
4797 0
4798 1
4799 1
4800 0
4801 0
4802 0
4803 1
4804 0
4805 1
4806 1
4807 0
4808 0
4809 0
4810 0
4811 2
4812 0
4813 0
4814 1
4815 0
4816 1
4817 0
4818 1
4819 0
4820 2
4821 0
4822 1
4823 1
4824 3
4825 0
4826 1
4827 1
4828 1
4829 1
4830 2
4831 3
4832 0
4833 0
4834 1
4835 0
4836 0
4837 2
4838 1
4839 1
4840 0
4841 0
4842 0
4843 0
4844 0
4845 1
4846 0
4847 0
4848 0
4849 1
4850 0
4851 0
4852 1
4853 1
4854 1
4855 0
4856 1
4857 1
4858 0
4859 1
4860 0
4861 1
4862 1
4863 2
4864 0
4865 0
4866 1
4867 0
4868 0
4869 1
4870 0
4871 0
4872 1
4873 1
4874 0
4875 0
4876 0
4877 1
4878 1
4879 2
4880 1
4881 2
4882 0
4883 0
4884 1
4885 1
4886 0
4887 0
4888 0
4889 0
4890 0
4891 1
4892 0
4893 0
4894 2
4895 2
4896 0
4897 1
4898 0
4899 0
4900 0
4901 0
4902 1
4903 1
4904 1
4905 1
4906 1
4907 0
4908 1
4909 3
4910 0
4911 1
4912 0
4913 2
4914 0
4915 0
4916 0
4917 0
4918 1
4919 0
4920 1
4921 0
4922 0
4923 0
4924 0
4925 0
4926 1
4927 2
4928 1
4929 0
4930 0
4931 0
4932 1
4933 1
4934 0
4935 0
4936 0
4937 0
4938 0
4939 2
4940 1
4941 0
4942 0
4943 0
4944 0
4945 3
4946 0
4947 0
4948 1
4949 1
4950 1
4951 1
4952 0
4953 2
4954 0
4955 0
4956 2
4957 0
4958 3
4959 1
4960 0
4961 0
4962 0
4963 0
4964 0
4965 0
4966 0
4967 0
4968 1
4969 1
4970 0
4971 0
4972 0
4973 0
4974 1
4975 0
4976 0
4977 0
4978 0
4979 0
4980 0
4981 0
4982 1
4983 0
4984 0
4985 0
4986 0
4987 1
4988 0
4989 0
4990 0
4991 0
4992 0
4993 1
4994 0
4995 1
4996 0
4997 0
4998 0
4999 0
5000 2
5001 0
5002 0
5003 0
5004 0
5005 0
5006 1
5007 2
5008 1
5009 2
5010 0
5011 0
5012 0
5013 2
5014 0
5015 1
5016 1
5017 0
5018 0
5019 0
5020 0
5021 0
5022 0
5023 1
5024 0
5025 0
5026 0
5027 0
5028 0
5029 1
5030 0
5031 0
5032 0
5033 0
5034 1
5035 0
5036 1
5037 0
5038 0
5039 0
5040 0
5041 0
5042 0
5043 0
5044 0
5045 1
5046 0
5047 1
5048 0
5049 1
5050 0
5051 0
5052 1
5053 0
5054 0
5055 0
5056 0
5057 0
5058 1
5059 0
5060 0
5061 0
5062 0
5063 0
5064 0
5065 0
5066 0
5067 0
5068 0
5069 0
5070 0
5071 1
5072 0
5073 0
5074 0
5075 1
5076 0
5077 0
5078 1
5079 0
5080 0
5081 0
5082 0
5083 0
5084 0
5085 0
5086 1
5087 0
5088 0
5089 0
5090 1
5091 0
5092 0
5093 0
5094 1
5095 0
5096 0
5097 0
5098 1
5099 0
5100 0
5101 0
5102 0
5103 0
5104 0
5105 0
5106 0
5107 1
5108 0
5109 0
5110 0
5111 0
5112 2
5113 0
5114 0
5115 0
5116 1
5117 0
5118 0
5119 0
5120 0
5121 0
5122 0
5123 0
5124 1
5125 0
5126 0
5127 0
5128 0
5129 0
5130 0
5131 0
5132 0
5133 1
5134 1
5135 0
5136 0
5137 0
5138 0
5139 0
5140 0
5141 1
5142 2
5143 1
5144 0
5145 2
5146 0
5147 0
5148 0
5149 1
5150 1
5151 0
5152 1
5153 0
5154 0
5155 0
5156 0
5157 1
5158 1
5159 1
5160 0
5161 0
5162 0
5163 0
5164 0
5165 0
5166 0
5167 1
5168 1
5169 1
5170 2
5171 2
5172 3
5173 1
5174 0
5175 0
5176 0
5177 1
5178 0
5179 1
5180 0
5181 1
5182 0
5183 0
5184 1
5185 0
5186 0
5187 0
5188 1
5189 1
5190 2
5191 1
5192 0
5193 0
5194 0
5195 0
5196 0
5197 1
5198 0
5199 0
5200 1
5201 1
5202 1
5203 1
5204 1
5205 0
5206 1
5207 0
5208 0
5209 1
5210 0
5211 1
5212 2
5213 0
5214 1
5215 0
5216 0
5217 0
5218 1
5219 2
5220 0
5221 1
5222 2
5223 1
5224 1
5225 0
5226 0
5227 1
5228 0
5229 0
5230 0
5231 0
5232 0
5233 1
5234 0
5235 2
5236 0
5237 1
5238 0
5239 0
5240 0
5241 0
5242 0
5243 1
5244 1
5245 1
5246 0
5247 1
5248 1
5249 0
5250 0
5251 0
5252 0
5253 0
5254 0
5255 0
5256 0
5257 0
5258 1
5259 1
5260 0
5261 0
5262 0
5263 0
5264 1
5265 0
5266 0
5267 0
5268 0
5269 0
5270 0
5271 0
5272 2
5273 1
5274 2
5275 0
5276 0
5277 0
5278 1
5279 0
5280 0
5281 0
5282 0
5283 0
5284 0
5285 0
5286 2
5287 0
5288 0
5289 0
5290 0
5291 0
5292 1
5293 0
5294 0
5295 2
5296 1
5297 1
5298 0
5299 0
5300 1
5301 1
5302 1
5303 2
5304 0
5305 0
5306 0
5307 0
5308 0
5309 0
5310 1
5311 0
5312 0
5313 0
5314 0
5315 1
5316 0
5317 1
5318 0
5319 0
5320 0
5321 0
5322 0
5323 0
5324 0
5325 0
5326 0
5327 0
5328 1
5329 0
5330 0
5331 1
5332 0
5333 1
5334 0
5335 0
5336 0
5337 1
5338 0
5339 1
5340 0
5341 1
5342 0
5343 1
5344 0
5345 0
5346 0
5347 0
5348 0
5349 1
5350 0
5351 2
5352 0
5353 1
5354 0
5355 0
5356 0
5357 0
5358 0
5359 0
5360 1
5361 0
5362 0
5363 1
5364 0
5365 1
5366 1
5367 0
5368 0
5369 1
5370 0
5371 0
5372 0
5373 1
5374 0
5375 0
5376 0
5377 1
5378 1
5379 1
5380 0
5381 1
5382 0
5383 0
5384 0
5385 0
5386 1
5387 0
5388 2
5389 1
5390 0
5391 0
5392 0
5393 0
5394 0
5395 2
5396 0
5397 0
5398 0
5399 0
5400 1
5401 0
5402 0
5403 0
5404 0
5405 0
5406 0
5407 0
5408 0
5409 0
5410 1
5411 1
5412 0
5413 0
5414 1
5415 0
5416 2
5417 0
5418 0
5419 0
5420 0
5421 0
5422 0
5423 0
5424 0
5425 0
5426 0
5427 0
5428 0
5429 0
5430 1
5431 0
5432 0
5433 0
5434 1
5435 0
5436 0
5437 0
5438 0
5439 0
5440 0
5441 1
5442 1
5443 0
5444 0
5445 1
5446 1
5447 0
5448 0
5449 0
5450 0
5451 1
5452 0
5453 0
5454 0
5455 0
5456 1
5457 1
5458 0
5459 1
5460 0
5461 0
5462 0
5463 0
5464 1
5465 0
5466 0
5467 0
5468 0
5469 0
5470 1
5471 0
5472 0
5473 0
5474 0
5475 0
5476 0
5477 0
5478 0
5479 0
5480 0
5481 0
5482 0
5483 0
5484 0
5485 1
5486 0
5487 1
5488 0
5489 0
5490 0
5491 0
5492 0
5493 1
5494 0
5495 1
5496 0
5497 0
5498 0
5499 1
5500 0
5501 0
5502 0
5503 0
5504 0
5505 0
5506 0
5507 0
5508 0
5509 0
5510 0
5511 0
5512 0
5513 1
5514 0
5515 1
5516 1
5517 0
5518 0
5519 1
5520 0
5521 0
5522 0
5523 0
5524 1
5525 0
5526 0
5527 0
5528 0
5529 0
5530 0
5531 0
5532 0
5533 0
5534 0
5535 0
5536 0
5537 0
5538 0
5539 0
5540 0
5541 0
5542 1
5543 0
5544 0
5545 0
5546 1
5547 0
5548 0
5549 0
5550 0
5551 0
5552 0
5553 0
5554 0
5555 0
5556 1
5557 1
5558 2
5559 1
5560 1
5561 0
5562 1
5563 0
5564 0
5565 0
5566 0
5567 1
5568 1
5569 0
5570 0
5571 0
5572 1
5573 0
5574 0
5575 1
5576 0
5577 0
5578 1
5579 0
5580 0
5581 0
5582 0
5583 1
5584 1
5585 0
5586 1
5587 0
5588 0
5589 0
5590 2
5591 0
5592 2
5593 0
5594 0
5595 0
5596 0
5597 1
5598 0
5599 1
5600 0
5601 0
5602 0
5603 0
5604 0
5605 0
5606 0
5607 0
5608 0
5609 0
5610 1
5611 0
5612 1
5613 0
5614 0
5615 0
5616 1
5617 1
5618 0
5619 0
5620 1
5621 0
5622 0
5623 0
5624 1
5625 0
5626 1
5627 0
5628 0
5629 0
5630 0
5631 0
5632 0
5633 0
5634 3
5635 0
5636 1
5637 0
5638 0
5639 0
5640 0
5641 0
5642 0
5643 0
5644 3
5645 0
5646 0
5647 1
5648 0
5649 0
5650 1
5651 0
5652 0
5653 1
5654 0
5655 0
5656 1
5657 0
5658 1
5659 0
5660 0
5661 0
5662 1
5663 1
5664 0
5665 0
5666 0
5667 1
5668 0
5669 0
5670 0
5671 2
5672 0
5673 0
5674 0
5675 0
5676 2
5677 0
5678 1
5679 0
5680 2
5681 1
5682 0
5683 0
5684 0
5685 2
5686 2
5687 1
5688 0
5689 0
5690 0
5691 1
5692 0
5693 0
5694 1
5695 1
5696 1
5697 1
5698 0
5699 1
5700 1
5701 1
5702 0
5703 1
5704 1
5705 0
5706 1
5707 1
5708 1
5709 0
5710 0
5711 0
5712 0
5713 0
5714 0
5715 0
5716 1
5717 0
5718 1
5719 0
5720 0
5721 0
5722 2
5723 0
5724 0
5725 1
5726 0
5727 1
5728 1
5729 0
5730 0
5731 1
5732 0
5733 0
5734 0
5735 0
5736 0
5737 0
5738 0
5739 0
5740 0
5741 0
5742 0
5743 0
5744 0
5745 0
5746 2
5747 0
5748 1
5749 0
5750 0
5751 0
5752 0
5753 0
5754 1
5755 0
5756 0
5757 0
5758 0
5759 0
5760 0
5761 0
5762 0
5763 0
5764 1
5765 0
5766 0
5767 0
5768 0
5769 1
5770 1
5771 2
5772 1
5773 0
5774 1
5775 0
5776 0
5777 0
5778 0
5779 1
5780 0
5781 0
5782 2
5783 1
5784 0
5785 0
5786 0
5787 0
5788 0
5789 1
5790 0
5791 0
5792 0
5793 0
5794 0
5795 0
5796 1
5797 2
5798 1
5799 0
5800 0
5801 0
5802 1
5803 0
5804 1
5805 0
5806 0
5807 0
5808 0
5809 1
5810 0
5811 2
5812 0
5813 1
5814 0
5815 1
5816 0
5817 0
5818 0
5819 1
5820 0
5821 0
5822 1
5823 0
5824 0
5825 0
5826 0
5827 1
5828 0
5829 2
5830 1
5831 0
5832 0
5833 0
5834 0
5835 0
5836 0
5837 0
5838 1
5839 0
5840 0
5841 1
5842 1
5843 0
5844 0
5845 0
5846 0
5847 0
5848 0
5849 0
5850 0
5851 0
5852 0
5853 1
5854 0
5855 0
5856 0
5857 0
5858 0
5859 0
5860 1
5861 0
5862 0
5863 0
5864 0
5865 0
5866 1
5867 0
5868 1
5869 0
5870 0
5871 0
5872 0
5873 1
5874 0
5875 1
5876 1
5877 1
5878 0
5879 0
5880 0
5881 1
5882 0
5883 0
5884 0
5885 0
5886 0
5887 0
5888 0
5889 0
5890 0
5891 1
5892 0
5893 0
5894 0
5895 0
5896 0
5897 1
5898 1
5899 1
5900 1
5901 0
5902 0
5903 0
5904 1
5905 0
5906 0
5907 0
5908 0
5909 0
5910 0
5911 0
5912 0
5913 0
5914 1
5915 0
5916 0
5917 1
5918 1
5919 0
5920 1
5921 0
5922 0
5923 0
5924 0
5925 0
5926 1
5927 0
5928 0
5929 0
5930 1
5931 0
5932 0
5933 0
5934 0
5935 0
5936 0
5937 0
5938 0
5939 0
5940 1
5941 1
5942 0
5943 1
5944 0
5945 0
5946 0
5947 0
5948 0
5949 0
5950 0
5951 1
5952 0
5953 1
5954 0
5955 0
5956 1
5957 0
5958 0
5959 0
5960 1
5961 1
5962 2
5963 0
5964 0
5965 1
5966 0
5967 0
5968 1
5969 0
5970 0
5971 0
5972 0
5973 0
5974 0
5975 0
5976 0
5977 0
5978 0
5979 0
5980 0
5981 0
5982 1
5983 1
5984 0
5985 0
5986 0
5987 0
5988 1
5989 0
5990 1
5991 0
5992 0
5993 0
5994 0
5995 0
5996 2
5997 1
5998 0
5999 1
6000 0
6001 0
6002 1
6003 0
6004 0
6005 0
6006 0
6007 0
6008 1
6009 0
6010 0
6011 0
6012 1
6013 0
6014 0
6015 1
6016 0
6017 0
6018 1
6019 0
6020 0
6021 0
6022 0
6023 0
6024 0
6025 0
6026 1
6027 1
6028 0
6029 0
6030 0
6031 0
6032 0
6033 0
6034 0
6035 0
6036 1
6037 0
6038 0
6039 0
6040 0
6041 0
6042 0
6043 0
6044 0
6045 0
6046 0
6047 0
6048 0
6049 0
6050 0
6051 0
6052 0
6053 0
6054 0
6055 0
6056 0
6057 0
6058 1
6059 0
6060 0
6061 0
6062 0
6063 2
6064 0
6065 1
6066 0
6067 0
6068 0
6069 0
6070 0
6071 1
6072 1
6073 0
6074 0
6075 0
6076 0
6077 1
6078 0
6079 0
6080 0
6081 0
6082 1
6083 0
6084 1
6085 0
6086 0
6087 0
6088 0
6089 0
6090 0
6091 0
6092 0
6093 1
6094 0
6095 1
6096 0
6097 1
6098 0
6099 0
6100 0
6101 1
6102 0
6103 0
6104 1
6105 0
6106 0
6107 0
6108 0
6109 0
6110 0
6111 1
6112 0
6113 0
6114 0
6115 0
6116 0
6117 0
6118 1
6119 0
6120 1
6121 0
6122 0
6123 0
6124 0
6125 0
6126 0
6127 2
6128 0
6129 0
6130 0
6131 0
6132 0
6133 1
6134 0
6135 0
6136 0
6137 0
6138 0
6139 0
6140 1
6141 0
6142 1
6143 0
6144 0
6145 1
6146 0
6147 0
6148 1
6149 0
6150 0
6151 0
6152 1
6153 1
6154 0
6155 1
6156 0
6157 0
6158 0
6159 0
6160 1
6161 0
6162 0
6163 0
6164 0
6165 0
6166 0
6167 0
6168 0
6169 1
6170 0
6171 1
6172 0
6173 0
6174 1
6175 2
6176 0
6177 0
6178 0
6179 0
6180 0
6181 0
6182 1
6183 0
6184 0
6185 0
6186 0
6187 0
6188 0
6189 0
6190 0
6191 0
6192 0
6193 0
6194 0
6195 0
6196 0
6197 1
6198 1
6199 0
6200 0
6201 0
6202 1
6203 0
6204 0
6205 0
6206 0
6207 1
6208 0
6209 0
6210 0
6211 0
6212 0
6213 0
6214 0
6215 0
6216 0
6217 0
6218 0
6219 2
6220 1
6221 1
6222 0
6223 0
6224 1
6225 0
6226 0
6227 0
6228 0
6229 0
6230 0
6231 1
6232 0
6233 0
6234 0
6235 0
6236 0
6237 1
6238 1
6239 0
6240 0
6241 1
6242 0
6243 0
6244 0
6245 0
6246 0
6247 0
6248 1
6249 0
6250 0
6251 0
6252 1
6253 0
6254 1
6255 0
6256 1
6257 2
6258 0
6259 1
6260 0
6261 0
6262 0
6263 1
6264 2
6265 1
6266 0
6267 1
6268 0
6269 0
6270 0
6271 1
6272 0
6273 0
6274 0
6275 1
6276 0
6277 0
6278 1
6279 0
6280 0
6281 0
6282 1
6283 0
6284 0
6285 0
6286 0
6287 0
6288 0
6289 0
6290 0
6291 0
6292 0
6293 1
6294 0
6295 0
6296 0
6297 0
6298 0
6299 0
6300 0
6301 0
6302 0
6303 0
6304 0
6305 1
6306 0
6307 0
6308 0
6309 0
6310 0
6311 1
6312 0
6313 0
6314 0
6315 0
6316 0
6317 0
6318 0
6319 1
6320 0
6321 1
6322 0
6323 0
6324 0
6325 0
6326 0
6327 0
6328 0
6329 0
6330 1
6331 2
6332 0
6333 0
6334 0
6335 0
6336 0
6337 0
6338 1
6339 0
6340 0
6341 0
6342 1
6343 0
6344 0
6345 0
6346 0
6347 0
6348 0
6349 1
6350 1
6351 0
6352 1
6353 0
6354 0
6355 0
6356 2
6357 0
6358 0
6359 0
6360 0
6361 0
6362 1
6363 0
6364 0
6365 0
6366 0
6367 0
6368 0
6369 2
6370 0
6371 0
6372 0
6373 0
6374 0
6375 1
6376 0
6377 0
6378 0
6379 0
6380 0
6381 1
6382 0
6383 0
6384 0
6385 0
6386 2
6387 1
6388 0
6389 0
6390 0
6391 0
6392 0
6393 0
6394 0
6395 0
6396 0
6397 1
6398 0
6399 0
6400 0
6401 0
6402 0
6403 0
6404 0
6405 0
6406 0
6407 1
6408 1
6409 0
6410 0
6411 1
6412 0
6413 0
6414 0
6415 1
6416 0
6417 0
6418 0
6419 0
6420 2
6421 1
6422 0
6423 1
6424 0
6425 0
6426 0
6427 0
6428 0
6429 0
6430 0
6431 0
6432 0
6433 1
6434 0
6435 0
6436 1
6437 0
6438 1
6439 0
6440 0
6441 0
6442 0
6443 0
6444 0
6445 0
6446 1
6447 1
6448 2
6449 2
6450 0
6451 0
6452 1
6453 0
6454 0
6455 0
6456 0
6457 0
6458 0
6459 0
6460 0
6461 0
6462 0
6463 1
6464 1
6465 1
6466 0
6467 0
6468 1
6469 0
6470 0
6471 2
6472 0
6473 0
6474 0
6475 1
6476 0
6477 0
6478 0
6479 0
6480 0
6481 1
6482 0
6483 0
6484 1
6485 1
6486 0
6487 2
6488 0
6489 0
6490 1
6491 0
6492 0
6493 0
6494 0
6495 0
6496 0
6497 0
6498 0
6499 0
6500 0
6501 0
6502 0
6503 0
6504 0
6505 2
6506 1
6507 3
6508 0
6509 0
6510 0
6511 0
6512 0
6513 1
6514 0
6515 0
6516 0
6517 1
6518 0
6519 0
6520 0
6521 0
6522 2
6523 1
6524 0
6525 0
6526 0
6527 0
6528 0
6529 0
6530 0
6531 1
6532 0
6533 0
6534 0
6535 0
6536 0
6537 0
6538 0
6539 1
6540 0
6541 0
6542 0
6543 0
6544 2
6545 1
6546 0
6547 0
6548 0
6549 0
6550 0
6551 0
6552 0
6553 0
6554 0
6555 0
6556 1
6557 0
6558 1
6559 1
6560 0
6561 0
6562 1
6563 0
6564 0
6565 0
6566 0
6567 0
6568 1
6569 0
6570 0
6571 0
6572 0
6573 1
6574 1
6575 0
6576 0
6577 0
6578 0
6579 0
6580 0
6581 0
6582 0
6583 1
6584 0
6585 0
6586 0
6587 0
6588 0
6589 0
6590 0
6591 0
6592 1
6593 0
6594 0
6595 0
6596 0
6597 2
6598 1
6599 1
6600 0
6601 1
6602 0
6603 0
6604 1
6605 0
6606 0
6607 0
6608 0
6609 1
6610 0
6611 0
6612 0
6613 0
6614 0
6615 0
6616 0
6617 0
6618 0
6619 1
6620 0
6621 0
6622 1
6623 0
6624 1
6625 1
6626 1
6627 0
6628 0
6629 0
6630 0
6631 0
6632 0
6633 0
6634 0
6635 0
6636 0
6637 0
6638 0
6639 0
6640 1
6641 0
6642 0
6643 2
6644 0
6645 0
6646 0
6647 0
6648 0
6649 0
6650 0
6651 0
6652 1
6653 0
6654 0
6655 0
6656 0
6657 0
6658 0
6659 0
6660 0
6661 0
6662 0
6663 0
6664 0
6665 1
6666 0
6667 0
6668 0
6669 1
6670 1
6671 0
6672 0
6673 0
6674 1
6675 0
6676 0
6677 0
6678 0
6679 0
6680 1
6681 2
6682 0
6683 0
6684 0
6685 0
6686 0
6687 0
6688 0
6689 1
6690 0
6691 0
6692 0
6693 0
6694 0
6695 0
6696 0
6697 0
6698 0
6699 0
6700 0
6701 0
6702 0
6703 0
6704 0
6705 0
6706 0
6707 0
6708 0
6709 0
6710 0
6711 0
6712 0
6713 0
6714 0
6715 0
6716 0
6717 0
6718 0
6719 0
6720 0
6721 0
6722 0
6723 0
6724 0
6725 0
6726 0
6727 0
6728 0
6729 1
6730 0
6731 0
6732 0
6733 0
6734 0
6735 0
6736 0
6737 0
6738 0
6739 1
6740 0
6741 0
6742 0
6743 0
6744 0
6745 0
6746 0
6747 0
6748 1
6749 0
6750 0
6751 0
6752 0
6753 0
6754 0
6755 0
6756 0
6757 0
6758 0
6759 0
6760 0
6761 0
6762 0
6763 0
6764 0
6765 0
6766 0
6767 0
6768 0
6769 0
6770 0
6771 0
6772 0
6773 0
6774 0
6775 0
6776 1
6777 0
6778 0
6779 0
6780 0
6781 0
6782 0
6783 0
6784 0
6785 0
6786 0
6787 0
6788 1
6789 0
6790 0
6791 1
6792 0
6793 0
6794 0
6795 2
6796 0
6797 0
6798 0
6799 0
6800 0
6801 0
6802 0
6803 0
6804 0
6805 1
6806 0
6807 0
6808 0
6809 0
6810 1
6811 0
6812 0
6813 0
6814 0
6815 0
6816 0
6817 0
6818 0
6819 2
6820 0
6821 0
6822 0
6823 0
6824 0
6825 0
6826 0
6827 0
6828 0
6829 0
6830 0
6831 0
6832 0
6833 0
6834 0
6835 0
6836 0
6837 0
6838 0
6839 0
6840 0
6841 0
6842 0
6843 0
6844 0
6845 0
6846 0
6847 1
6848 0
6849 0
6850 0
6851 0
6852 0
6853 0
6854 0
6855 1
6856 0
6857 1
6858 0
6859 0
6860 0
6861 0
6862 0
6863 0
6864 0
6865 0
6866 0
6867 1
6868 1
6869 0
6870 0
6871 0
6872 0
6873 0
6874 0
6875 0
6876 1
6877 0
6878 0
6879 0
6880 1
6881 0
6882 0
6883 0
6884 0
6885 0
6886 0
6887 0
6888 0
6889 0
6890 0
6891 0
6892 0
6893 0
6894 0
6895 1
6896 0
6897 0
6898 0
6899 1
6900 0
6901 0
6902 0
6903 0
6904 0
6905 0
6906 0
6907 0
6908 0
6909 0
6910 0
6911 0
6912 0
6913 1
6914 0
6915 0
6916 0
6917 0
6918 0
6919 0
6920 0
6921 0
6922 0
6923 1
6924 0
6925 0
6926 0
6927 0
6928 0
6929 0
6930 1
6931 1
6932 0
6933 1
6934 0
6935 0
6936 0
6937 0
6938 0
6939 0
6940 1
6941 0
6942 0
6943 0
6944 0
6945 0
6946 0
6947 0
6948 0
6949 0
6950 0
6951 0
6952 0
6953 0
6954 0
6955 0
6956 0
6957 0
6958 0
6959 0
6960 0
6961 0
6962 0
6963 0
6964 2
6965 0
6966 0
6967 0
6968 0
6969 0
6970 0
6971 0
6972 0
6973 0
6974 0
6975 1
6976 0
6977 0
6978 1
6979 0
6980 1
6981 0
6982 0
6983 0
6984 0
6985 2
6986 0
6987 0
6988 0
6989 0
6990 0
6991 0
6992 0
6993 0
6994 0
6995 1
6996 0
6997 0
6998 0
6999 0
7000 0
7001 0
7002 0
7003 0
7004 0
7005 0
7006 0
7007 0
7008 0
7009 0
7010 1
7011 0
7012 0
7013 0
7014 1
7015 0
7016 0
7017 0
7018 0
7019 0
7020 1
7021 0
7022 0
7023 1
7024 0
7025 0
7026 0
7027 0
7028 0
7029 1
7030 0
7031 1
7032 0
7033 0
7034 0
7035 0
7036 0
7037 0
7038 0
7039 2
7040 0
7041 0
7042 0
7043 0
7044 0
7045 0
7046 1
7047 0
7048 0
7049 0
7050 0
7051 0
7052 0
7053 0
7054 1
7055 1
7056 0
7057 0
7058 0
7059 0
7060 1
7061 0
7062 0
7063 0
7064 0
7065 1
7066 0
7067 0
7068 1
7069 0
7070 0
7071 0
7072 0
7073 0
7074 0
7075 0
7076 0
7077 0
7078 0
7079 0
7080 0
7081 0
7082 1
7083 0
7084 0
7085 1
7086 0
7087 0
7088 0
7089 0
7090 0
7091 0
7092 0
7093 0
7094 1
7095 0
7096 0
7097 0
7098 0
7099 0
7100 0
7101 0
7102 0
7103 0
7104 0
7105 1
7106 0
7107 0
7108 1
7109 0
7110 0
7111 0
7112 0
7113 0
7114 0
7115 0
7116 1
7117 0
7118 0
7119 0
7120 0
7121 0
7122 0
7123 0
7124 0
7125 0
7126 0
7127 0
7128 0
7129 0
7130 1
7131 0
7132 0
7133 0
7134 0
7135 0
7136 0
7137 0
7138 0
7139 0
7140 0
7141 0
7142 0
7143 0
7144 0
7145 0
7146 0
7147 0
7148 0
7149 0
7150 0
7151 0
7152 0
7153 0
7154 1
7155 0
7156 0
7157 0
7158 0
7159 0
7160 0
7161 0
7162 0
7163 0
7164 0
7165 0
7166 0
7167 0
7168 0
7169 0
7170 0
7171 1
7172 0
7173 0
7174 0
7175 0
7176 0
7177 0
7178 0
7179 0
7180 0
7181 0
7182 0
7183 0
7184 0
7185 0
7186 0
7187 0
7188 1
7189 0
7190 0
7191 0
7192 0
7193 1
7194 0
7195 1
7196 0
7197 0
7198 1
7199 0
7200 0
7201 0
7202 0
7203 0
7204 1
7205 0
7206 0
7207 0
7208 0
7209 0
7210 0
7211 0
7212 0
7213 0
7214 2
7215 0
7216 0
7217 0
7218 0
7219 0
7220 0
7221 0
7222 0
7223 0
7224 0
7225 0
7226 0
7227 0
7228 0
7229 0
7230 0
7231 1
7232 0
7233 0
7234 1
7235 1
7236 0
7237 0
7238 1
7239 0
7240 0
7241 0
7242 0
7243 0
7244 0
7245 0
7246 1
7247 0
7248 0
7249 0
7250 0
7251 0
7252 0
7253 0
7254 0
7255 0
7256 0
7257 0
7258 0
7259 0
7260 0
7261 0
7262 0
7263 0
7264 0
7265 0
7266 0
7267 0
7268 0
7269 0
7270 0
7271 0
7272 0
7273 0
7274 0
7275 0
7276 0
7277 0
7278 0
7279 0
7280 0
7281 0
7282 0
7283 0
7284 0
7285 0
7286 0
7287 0
7288 0
7289 0
7290 0
7291 0
7292 0
7293 0
7294 0
7295 0
7296 0
7297 0
7298 0
7299 0
7300 0
7301 1
7302 0
7303 0
7304 0
7305 0
7306 0
7307 0
7308 0
7309 0
7310 0
7311 0
7312 0
7313 0
7314 0
7315 0
7316 0
7317 0
7318 0
7319 0
7320 0
7321 0
7322 0
7323 0
7324 0
7325 1
7326 0
7327 0
7328 0
7329 0
7330 0
7331 0
7332 0
7333 0
7334 0
7335 0
7336 0
7337 1
7338 0
7339 0
7340 0
7341 0
7342 0
7343 0
7344 0
7345 0
7346 0
7347 0
7348 0
7349 0
7350 0
7351 0
7352 0
7353 1
7354 0
7355 0
7356 0
7357 0
7358 0
7359 0
7360 0
7361 0
7362 1
7363 0
7364 0
7365 0
7366 1
7367 0
7368 0
7369 0
7370 0
7371 0
7372 0
7373 0
7374 0
7375 1
7376 0
7377 0
7378 0
7379 0
7380 0
7381 0
7382 0
7383 0
7384 0
7385 0
7386 1
7387 0
7388 0
7389 0
7390 0
7391 0
7392 0
7393 0
7394 0
7395 0
7396 0
7397 0
7398 0
7399 0
7400 0
7401 0
7402 0
7403 1
7404 0
7405 0
7406 0
7407 0
7408 0
7409 0
7410 0
7411 0
7412 0
7413 0
7414 0
7415 0
7416 0
7417 0
7418 0
7419 0
7420 0
7421 0
7422 0
7423 0
7424 0
7425 0
7426 0
7427 0
7428 0
7429 0
7430 0
7431 1
7432 0
7433 0
7434 0
7435 0
7436 0
7437 0
7438 0
7439 0
7440 0
7441 0
7442 0
7443 0
7444 0
7445 0
7446 0
7447 0
7448 1
7449 0
7450 0
7451 0
7452 0
7453 0
7454 0
7455 0
7456 0
7457 0
7458 0
7459 0
7460 0
7461 0
7462 0
7463 0
7464 0
7465 0
7466 2
7467 0
7468 0
7469 0
7470 0
7471 0
7472 0
7473 0
7474 0
7475 0
7476 1
7477 0
7478 0
7479 0
7480 0
7481 0
7482 0
7483 0
7484 0
7485 0
7486 0
7487 1
7488 1
7489 0
7490 0
7491 0
7492 1
7493 0
7494 0
7495 0
7496 0
7497 1
7498 1
7499 0
7500 0
7501 0
7502 0
7503 0
7504 0
7505 0
7506 1
7507 0
7508 0
7509 0
7510 0
7511 0
7512 0
7513 2
7514 0
7515 0
7516 0
7517 0
7518 0
7519 1
7520 0
7521 0
7522 0
7523 0
7524 0
7525 0
7526 0
7527 0
7528 0
7529 0
7530 0
7531 0
7532 1
7533 0
7534 0
7535 0
7536 0
7537 0
7538 0
7539 0
7540 1
7541 0
7542 0
7543 0
7544 0
7545 0
7546 0
7547 0
7548 0
7549 2
7550 1
7551 0
7552 0
7553 0
7554 0
7555 0
7556 0
7557 0
7558 0
7559 0
7560 1
7561 0
7562 0
7563 0
7564 1
7565 1
7566 0
7567 0
7568 0
7569 0
7570 0
7571 0
7572 1
7573 0
7574 0
7575 0
7576 0
7577 1
7578 0
7579 0
7580 0
7581 1
7582 0
7583 0
7584 0
7585 0
7586 0
7587 0
7588 0
7589 0
7590 1
7591 0
7592 0
7593 0
7594 0
7595 1
7596 0
7597 0
7598 0
7599 0
7600 0
7601 1
7602 0
7603 0
7604 0
7605 0
7606 0
7607 0
7608 0
7609 0
7610 0
7611 0
7612 0
7613 0
7614 0
7615 0
7616 0
7617 0
7618 0
7619 0
7620 0
7621 1
7622 0
7623 0
7624 0
7625 0
7626 1
7627 0
7628 1
7629 0
7630 0
7631 0
7632 0
7633 1
7634 0
7635 0
7636 0
7637 0
7638 0
7639 0
7640 0
7641 0
7642 0
7643 0
7644 0
7645 0
7646 0
7647 0
7648 0
7649 0
7650 0
7651 0
7652 0
7653 1
7654 0
7655 0
7656 0
7657 0
7658 0
7659 0
7660 0
7661 0
7662 0
7663 0
7664 0
7665 0
7666 0
7667 0
7668 0
7669 0
7670 1
7671 0
7672 0
7673 0
7674 0
7675 0
7676 1
7677 0
7678 0
7679 0
7680 0
7681 0
7682 0
7683 0
7684 1
7685 1
7686 0
7687 0
7688 0
7689 0
7690 0
7691 0
7692 0
7693 0
7694 0
7695 1
7696 0
7697 0
7698 0
7699 0
7700 1
7701 0
7702 1
7703 1
7704 1
7705 0
7706 0
7707 0
7708 0
7709 0
7710 0
7711 0
7712 0
7713 0
7714 0
7715 0
7716 0
7717 0
7718 0
7719 0
7720 0
7721 0
7722 0
7723 0
7724 0
7725 0
7726 0
7727 0
7728 0
7729 0
7730 0
7731 0
7732 0
7733 0
7734 0
7735 0
7736 0
7737 0
7738 0
7739 0
7740 0
7741 1
7742 0
7743 0
7744 0
7745 0
7746 0
7747 0
7748 0
7749 0
7750 0
7751 0
7752 0
7753 1
7754 0
7755 0
7756 0
7757 2
7758 0
7759 0
7760 0
7761 0
7762 0
7763 0
7764 0
7765 0
7766 0
7767 0
7768 1
7769 0
7770 0
7771 0
7772 0
7773 0
7774 0
7775 0
7776 0
7777 0
7778 0
7779 0
7780 0
7781 0
7782 0
7783 0
7784 0
7785 0
7786 0
7787 0
7788 0
7789 0
7790 0
7791 0
7792 0
7793 0
7794 0
7795 0
7796 0
7797 0
7798 0
7799 0
7800 0
7801 0
7802 0
7803 0
7804 0
7805 0
7806 0
7807 0
7808 0
7809 0
7810 0
7811 0
7812 0
7813 0
7814 0
7815 0
7816 0
7817 0
7818 0
7819 0
7820 0
7821 0
7822 1
7823 0
7824 0
7825 0
7826 0
7827 0
7828 1
7829 0
7830 0
7831 0
7832 0
7833 0
7834 0
7835 1
7836 0
7837 0
7838 0
7839 0
7840 0
7841 0
7842 0
7843 0
7844 0
7845 0
7846 0
7847 0
7848 0
7849 0
7850 0
7851 1
7852 0
7853 0
7854 1
7855 0
7856 0
7857 0
7858 0
7859 0
7860 0
7861 0
7862 1
7863 0
7864 0
7865 0
7866 0
7867 0
7868 0
7869 0
7870 0
7871 0
7872 0
7873 1
7874 0
7875 0
7876 0
7877 0
7878 0
7879 0
7880 0
7881 0
7882 0
7883 0
7884 0
7885 0
7886 1
7887 0
7888 0
7889 0
7890 0
7891 0
7892 0
7893 0
7894 0
7895 0
7896 1
7897 0
7898 0
7899 0
7900 0
7901 0
7902 0
7903 0
7904 0
7905 0
7906 1
7907 0
7908 0
7909 0
7910 0
7911 0
7912 0
7913 0
7914 0
7915 0
7916 0
7917 0
7918 0
7919 0
7920 0
7921 0
7922 0
7923 0
7924 0
7925 0
7926 0
7927 0
7928 0
7929 0
7930 0
7931 0
7932 0
7933 0
7934 1
7935 0
7936 0
7937 0
7938 0
7939 0
7940 0
7941 0
7942 0
7943 0
7944 0
7945 0
7946 0
7947 0
7948 0
7949 0
7950 0
7951 0
7952 0
7953 0
7954 0
7955 0
7956 0
7957 0
7958 0
7959 1
7960 1
7961 0
7962 0
7963 1
7964 0
7965 0
7966 0
7967 0
7968 0
7969 0
7970 0
7971 1
7972 0
7973 0
7974 0
7975 0
7976 0
7977 0
7978 1
7979 0
7980 0
7981 0
7982 0
7983 0
7984 0
7985 1
7986 0
7987 0
7988 0
7989 0
7990 0
7991 0
7992 0
7993 0
7994 0
7995 0
7996 0
7997 0
7998 0
7999 0
8000 0
8001 0
8002 0
8003 0
8004 0
8005 0
8006 0
8007 0
8008 0
8009 0
8010 1
8011 0
8012 0
8013 0
8014 0
8015 0
8016 0
8017 0
8018 1
8019 0
8020 1
8021 0
8022 0
8023 0
8024 0
8025 0
8026 0
8027 0
8028 1
8029 0
8030 0
8031 0
8032 0
8033 1
8034 0
8035 0
8036 0
8037 0
8038 0
8039 0
8040 0
8041 0
8042 0
8043 0
8044 0
8045 1
8046 0
8047 0
8048 0
8049 0
8050 0
8051 0
8052 0
8053 1
8054 0
8055 0
8056 0
8057 0
8058 0
8059 0
8060 0
8061 0
8062 0
8063 0
8064 0
8065 0
8066 0
8067 1
8068 0
8069 0
8070 0
8071 0
8072 0
8073 0
8074 0
8075 0
8076 0
8077 1
8078 0
8079 0
8080 0
8081 0
8082 0
8083 0
8084 0
8085 0
8086 0
8087 0
8088 0
8089 0
8090 0
8091 0
8092 0
8093 0
8094 0
8095 0
8096 0
8097 0
8098 0
8099 0
8100 0
8101 0
8102 0
8103 0
8104 0
8105 0
8106 0
8107 0
8108 0
8109 0
8110 0
8111 0
8112 0
8113 0
8114 0
8115 0
8116 0
8117 0
8118 0
8119 1
8120 0
8121 0
8122 0
8123 1
8124 0
8125 0
8126 1
8127 0
8128 0
8129 0
8130 0
8131 0
8132 0
8133 0
8134 0
8135 0
8136 0
8137 0
8138 0
8139 0
8140 0
8141 0
8142 0
8143 1
8144 0
8145 0
8146 0
8147 0
8148 0
8149 0
8150 0
8151 0
8152 0
8153 1
8154 0
8155 0
8156 0
8157 0
8158 0
8159 0
8160 0
8161 0
8162 0
8163 0
8164 0
8165 0
8166 0
8167 0
8168 0
8169 1
8170 0
8171 1
8172 0
8173 0
8174 0
8175 0
8176 1
8177 0
8178 0
8179 0
8180 0
8181 0
8182 0
8183 0
8184 0
8185 0
8186 0
8187 0
8188 0
8189 0
8190 0
8191 0
8192 0
8193 0
8194 0
8195 0
8196 0
8197 0
8198 0
8199 1
8200 0
8201 0
8202 0
8203 1
8204 0
8205 0
8206 0
8207 0
8208 0
8209 0
8210 0
8211 0
8212 0
8213 0
8214 0
8215 1
8216 0
8217 0
8218 0
8219 0
8220 1
8221 0
8222 0
8223 0
8224 0
8225 1
8226 0
8227 0
8228 0
8229 0
8230 0
8231 0
8232 0
8233 0
8234 0
8235 0
8236 0
8237 0
8238 0
8239 0
8240 0
8241 0
8242 0
8243 0
8244 0
8245 0
8246 0
8247 0
8248 0
8249 0
8250 0
8251 0
8252 0
8253 0
8254 0
8255 0
8256 0
8257 0
8258 0
8259 2
8260 0
8261 0
8262 0
8263 0
8264 0
8265 0
8266 0
8267 0
8268 0
8269 0
8270 0
8271 0
8272 0
8273 0
8274 0
8275 0
8276 0
8277 0
8278 0
8279 0
8280 0
8281 0
8282 0
8283 0
8284 0
8285 0
8286 0
8287 0
8288 0
8289 0
8290 0
8291 0
8292 0
8293 0
8294 0
8295 0
8296 0
8297 0
8298 0
8299 0
8300 0
8301 0
8302 0
8303 0
8304 0
8305 0
8306 0
8307 0
8308 0
8309 0
8310 0
8311 0
8312 0
8313 0
8314 0
8315 1
8316 0
8317 0
8318 0
8319 0
8320 0
8321 0
8322 0
8323 1
8324 0
8325 0
8326 0
8327 0
8328 0
8329 0
8330 0
8331 0
8332 0
8333 0
8334 0
8335 0
8336 0
8337 0
8338 0
8339 1
8340 0
8341 0
8342 0
8343 0
8344 0
8345 0
8346 0
8347 0
8348 0
8349 0
8350 0
8351 0
8352 0
8353 0
8354 0
8355 0
8356 0
8357 1
8358 0
8359 0
8360 0
8361 0
8362 0
8363 0
8364 0
8365 0
8366 0
8367 0
8368 0
8369 0
8370 0
8371 0
8372 0
8373 0
8374 0
8375 0
8376 1
8377 0
8378 0
8379 0
8380 1
8381 0
8382 0
8383 0
8384 0
8385 0
8386 1
8387 0
8388 1
8389 0
8390 1
8391 0
8392 0
8393 0
8394 0
8395 1
8396 0
8397 0
8398 1
8399 0
8400 0
8401 0
8402 0
8403 0
8404 0
8405 1
8406 1
8407 0
8408 0
8409 0
8410 0
8411 0
8412 0
8413 0
8414 0
8415 0
8416 0
8417 0
8418 0
8419 0
8420 0
8421 0
8422 0
8423 0
8424 0
8425 0
8426 0
8427 0
8428 0
8429 0
8430 0
8431 1
8432 0
8433 0
8434 0
8435 1
8436 0
8437 0
8438 0
8439 0
8440 0
8441 0
8442 0
8443 0
8444 0
8445 1
8446 1
8447 0
8448 0
8449 0
8450 0
8451 0
8452 0
8453 0
8454 0
8455 0
8456 0
8457 1
8458 0
8459 0
8460 0
8461 0
8462 1
8463 0
8464 0
8465 0
8466 0
8467 0
8468 1
8469 0
8470 0
8471 0
8472 0
8473 0
8474 0
8475 0
8476 0
8477 0
8478 0
8479 0
8480 0
8481 0
8482 0
8483 0
8484 0
8485 0
8486 0
8487 0
8488 0
8489 0
8490 0
8491 0
8492 0
8493 0
8494 0
8495 0
8496 0
8497 0
8498 1
8499 0
8500 0
8501 0
8502 0
8503 0
8504 0
8505 0
8506 1
8507 0
8508 0
8509 2
8510 0
8511 0
8512 0
8513 0
8514 0
8515 0
8516 0
8517 0
8518 0
8519 0
8520 0
8521 1
8522 0
8523 0
8524 1
8525 0
8526 0
8527 0
8528 0
8529 0
8530 0
8531 1
8532 0
8533 0
8534 0
8535 0
8536 0
8537 0
8538 0
8539 0
8540 0
8541 0
8542 0
8543 0
8544 0
8545 0
8546 0
8547 0
8548 0
8549 0
8550 0
8551 0
8552 1
8553 0
8554 0
8555 0
8556 1
8557 0
8558 0
8559 0
8560 0
8561 0
8562 0
8563 0
8564 0
8565 0
8566 0
8567 0
8568 0
8569 0
8570 0
8571 0
8572 0
8573 0
8574 0
8575 0
8576 0
8577 0
8578 0
8579 0
8580 1
8581 0
8582 0
8583 0
8584 0
8585 0
8586 0
8587 0
8588 1
8589 0
8590 0
8591 0
8592 0
8593 0
8594 0
8595 0
8596 0
8597 0
8598 1
8599 0
8600 0
8601 0
8602 0
8603 0
8604 1
8605 0
8606 0
8607 0
8608 0
8609 0
8610 0
8611 0
8612 0
8613 0
8614 0
8615 0
8616 1
8617 1
8618 1
8619 1
8620 0
8621 0
8622 0
8623 0
8624 1
8625 0
8626 0
8627 1
8628 0
8629 0
8630 0
8631 0
8632 0
8633 0
8634 0
8635 0
8636 1
8637 0
8638 0
8639 0
8640 0
8641 0
8642 1
8643 0
8644 0
8645 0
8646 0
8647 0
8648 0
8649 0
8650 0
8651 0
8652 1
8653 0
8654 0
8655 0
8656 0
8657 0
8658 0
8659 0
8660 0
8661 0
8662 0
8663 0
8664 0
8665 0
8666 0
8667 0
8668 0
8669 0
8670 0
8671 0
8672 0
8673 0
8674 0
8675 0
8676 0
8677 0
8678 0
8679 0
8680 0
8681 0
8682 0
8683 0
8684 0
8685 0
8686 0
8687 1
8688 0
8689 0
8690 0
8691 0
8692 0
8693 0
8694 0
8695 0
8696 0
8697 0
8698 0
8699 0
8700 0
8701 0
8702 0
8703 0
8704 0
8705 0
8706 0
8707 0
8708 0
8709 0
8710 0
8711 0
8712 0
8713 0
8714 0
8715 0
8716 0
8717 0
8718 0
8719 0
8720 0
8721 0
8722 0
8723 0
8724 0
8725 0
8726 0
8727 0
8728 0
8729 0
8730 0
8731 0
8732 0
8733 0
8734 0
8735 0
8736 0
8737 0
8738 0
8739 0
8740 0
8741 0
8742 0
8743 0
8744 0
8745 0
8746 0
8747 0
8748 0
8749 1
8750 0
8751 0
8752 0
8753 0
8754 0
8755 0
8756 0
8757 0
8758 0
8759 0
8760 1
8761 0
8762 0
8763 0
8764 0
8765 0
8766 0
8767 0
8768 1
8769 0
8770 0
8771 0
8772 0
8773 0
8774 0
8775 0
8776 0
8777 0
8778 0
8779 0
8780 0
8781 0
8782 0
8783 1
8784 0
8785 0
8786 0
8787 0
8788 0
8789 0
8790 0
8791 0
8792 0
8793 0
8794 0
8795 0
8796 0
8797 0
8798 0
8799 0
8800 1
8801 0
8802 0
8803 0
8804 0
8805 0
8806 0
8807 0
8808 0
8809 0
8810 0
8811 0
8812 0
8813 0
8814 0
8815 0
8816 0
8817 0
8818 0
8819 0
8820 0
8821 0
8822 0
8823 0
8824 0
8825 0
8826 0
8827 0
8828 0
8829 0
8830 0
8831 0
8832 0
8833 1
8834 0
8835 0
8836 1
8837 0
8838 0
8839 0
8840 0
8841 0
8842 0
8843 0
8844 0
8845 0
8846 0
8847 0
8848 0
8849 0
8850 0
8851 0
8852 1
8853 0
8854 0
8855 0
8856 0
8857 0
8858 0
8859 0
8860 0
8861 0
8862 0
8863 0
8864 0
8865 0
8866 0
8867 0
8868 0
8869 0
8870 0
8871 0
8872 0
8873 0
8874 0
8875 0
8876 0
8877 0
8878 0
8879 0
8880 0
8881 0
8882 0
8883 0
8884 0
8885 0
8886 0
8887 0
8888 0
8889 0
8890 0
8891 1
8892 0
8893 0
8894 1
8895 0
8896 0
8897 0
8898 0
8899 1
8900 0
8901 0
8902 0
8903 0
8904 0
8905 0
8906 0
8907 0
8908 0
8909 0
8910 0
8911 0
8912 0
8913 0
8914 0
8915 1
8916 0
8917 0
8918 0
8919 0
8920 0
8921 0
8922 0
8923 0
8924 0
8925 0
8926 0
8927 0
8928 0
8929 0
8930 0
8931 0
8932 0
8933 0
8934 0
8935 0
8936 0
8937 0
8938 0
8939 0
8940 0
8941 0
8942 1
8943 1
8944 0
8945 0
8946 0
8947 0
8948 0
8949 0
8950 0
8951 0
8952 0
8953 0
8954 1
8955 0
8956 0
8957 0
8958 0
8959 0
8960 0
8961 1
8962 0
8963 0
8964 0
8965 0
8966 0
8967 0
8968 0
8969 1
8970 0
8971 0
8972 0
8973 0
8974 0
8975 0
8976 0
8977 0
8978 0
8979 0
8980 0
8981 0
8982 0
8983 0
8984 0
8985 0
8986 0
8987 0
8988 0
8989 0
8990 0
8991 0
8992 0
8993 1
8994 0
8995 0
8996 0
8997 0
8998 0
8999 0
9000 0
9001 0
9002 0
9003 0
9004 0
9005 0
9006 0
9007 0
9008 1
9009 0
9010 0
9011 0
9012 0
9013 1
9014 0
9015 0
9016 0
9017 0
9018 0
9019 0
9020 0
9021 2
9022 0
9023 0
9024 0
9025 0
9026 0
9027 0
9028 0
9029 1
9030 1
9031 0
9032 0
9033 0
9034 0
9035 0
9036 0
9037 0
9038 0
9039 0
9040 0
9041 0
9042 0
9043 0
9044 0
9045 0
9046 0
9047 0
9048 0
9049 0
9050 0
9051 0
9052 0
9053 0
9054 0
9055 0
9056 0
9057 0
9058 0
9059 0
9060 0
9061 0
9062 0
9063 0
9064 0
9065 0
9066 0
9067 0
9068 1
9069 0
9070 0
9071 0
9072 0
9073 1
9074 0
9075 0
9076 0
9077 0
9078 0
9079 0
9080 0
9081 0
9082 0
9083 0
9084 1
9085 0
9086 0
9087 0
9088 0
9089 0
9090 0
9091 0
9092 0
9093 0
9094 0
9095 1
9096 0
9097 0
9098 0
9099 0
9100 0
9101 0
9102 0
9103 0
9104 0
9105 0
9106 0
9107 0
9108 0
9109 0
9110 0
9111 0
9112 0
9113 0
9114 0
9115 0
9116 0
9117 0
9118 0
9119 0
9120 1
9121 1
9122 1
9123 0
9124 0
9125 0
9126 1
9127 0
9128 0
9129 0
9130 0
9131 0
9132 0
9133 0
9134 0
9135 0
9136 0
9137 0
9138 0
9139 0
9140 0
9141 0
9142 0
9143 0
9144 0
9145 0
9146 0
9147 0
9148 0
9149 0
9150 0
9151 0
9152 0
9153 0
9154 0
9155 0
9156 0
9157 0
9158 0
9159 1
9160 1
9161 0
9162 0
9163 0
9164 0
9165 1
9166 0
9167 0
9168 0
9169 0
9170 1
9171 1
9172 0
9173 0
9174 0
9175 0
9176 0
9177 0
9178 0
9179 0
9180 0
9181 0
9182 0
9183 0
9184 0
9185 0
9186 0
9187 0
9188 0
9189 1
9190 0
9191 0
9192 1
9193 0
9194 0
9195 0
9196 0
9197 0
9198 0
9199 0
9200 0
9201 0
9202 0
9203 0
9204 0
9205 0
9206 1
9207 0
9208 0
9209 0
9210 0
9211 1
9212 0
9213 0
9214 0
9215 0
9216 0
9217 0
9218 0
9219 0
9220 0
9221 0
9222 1
9223 1
9224 1
9225 1
9226 0
9227 0
9228 0
9229 0
9230 0
9231 0
9232 0
9233 0
9234 0
9235 0
9236 0
9237 0
9238 0
9239 0
9240 0
9241 0
9242 0
9243 1
9244 0
9245 0
9246 1
9247 0
9248 0
9249 0
9250 0
9251 0
9252 0
9253 0
9254 0
9255 0
9256 0
9257 0
9258 0
9259 0
9260 0
9261 0
9262 0
9263 0
9264 0
9265 0
9266 0
9267 0
9268 0
9269 0
9270 0
9271 1
9272 0
9273 0
9274 0
9275 0
9276 0
9277 0
9278 0
9279 0
9280 1
9281 0
9282 0
9283 0
9284 0
9285 0
9286 0
9287 0
9288 0
9289 0
9290 1
9291 2
9292 0
9293 0
9294 0
9295 0
9296 0
9297 0
9298 0
9299 0
9300 0
9301 0
9302 0
9303 0
9304 0
9305 0
9306 0
9307 0
9308 0
9309 0
9310 0
9311 0
9312 0
9313 0
9314 0
9315 1
9316 0
9317 0
9318 1
9319 0
9320 0
9321 1
9322 0
9323 0
9324 0
9325 1
9326 0
9327 0
9328 0
9329 0
9330 0
9331 1
9332 0
9333 0
9334 0
9335 1
9336 0
9337 0
9338 1
9339 0
9340 0
9341 0
9342 0
9343 1
9344 0
9345 0
9346 0
9347 0
9348 0
9349 0
9350 0
9351 0
9352 0
9353 0
9354 0
9355 0
9356 0
9357 0
9358 0
9359 1
9360 2
9361 0
9362 0
9363 0
9364 0
9365 1
9366 0
9367 0
9368 1
9369 1
9370 0
9371 0
9372 0
9373 0
9374 0
9375 0
9376 0
9377 0
9378 0
9379 0
9380 0
9381 0
9382 0
9383 0
9384 0
9385 2
9386 0
9387 0
9388 0
9389 0
9390 0
9391 0
9392 0
9393 0
9394 0
9395 0
9396 0
9397 0
9398 0
9399 0
9400 0
9401 0
9402 1
9403 0
9404 0
9405 0
9406 0
9407 0
9408 0
9409 0
9410 0
9411 1
9412 0
9413 0
9414 0
9415 0
9416 0
9417 0
9418 0
9419 0
9420 1
9421 1
9422 0
9423 0
9424 0
9425 0
9426 0
9427 1
9428 0
9429 0
9430 0
9431 0
9432 0
9433 0
9434 0
9435 0
9436 0
9437 0
9438 0
9439 0
9440 1
9441 0
9442 0
9443 0
9444 0
9445 0
9446 0
9447 0
9448 0
9449 0
9450 0
9451 0
9452 1
9453 0
9454 0
9455 0
9456 0
9457 0
9458 0
9459 0
9460 0
9461 0
9462 0
9463 0
9464 0
9465 0
9466 0
9467 0
9468 0
9469 0
9470 0
9471 0
9472 0
9473 0
9474 0
9475 0
9476 1
9477 0
9478 0
9479 0
9480 0
9481 0
9482 0
9483 0
9484 0
9485 0
9486 0
9487 0
9488 0
9489 0
9490 0
9491 1
9492 0
9493 0
9494 0
9495 0
9496 0
9497 0
9498 0
9499 1
9500 1
9501 0
9502 0
9503 0
9504 0
9505 0
9506 1
9507 0
9508 0
9509 0
9510 0
9511 0
9512 0
9513 0
9514 0
9515 0
9516 1
9517 0
9518 0
9519 0
9520 1
9521 0
9522 0
9523 0
9524 0
9525 1
9526 0
9527 0
9528 0
9529 1
9530 0
9531 0
9532 0
9533 0
9534 0
9535 0
9536 0
9537 0
9538 0
9539 1
9540 0
9541 0
9542 0
9543 0
9544 0
9545 0
9546 0
9547 0
9548 0
9549 0
9550 0
9551 0
9552 0
9553 0
9554 0
9555 0
9556 0
9557 1
9558 0
9559 0
9560 0
9561 0
9562 0
9563 0
9564 0
9565 0
9566 0
9567 0
9568 0
9569 0
9570 0
9571 0
9572 0
9573 0
9574 0
9575 0
9576 1
9577 0
9578 0
9579 0
9580 0
9581 2
9582 1
9583 1
9584 0
9585 0
9586 0
9587 0
9588 0
9589 0
9590 0
9591 0
9592 0
9593 0
9594 0
9595 0
9596 0
9597 0
9598 0
9599 0
9600 0
9601 0
9602 0
9603 0
9604 1
9605 0
9606 0
9607 1
9608 0
9609 0
9610 0
9611 0
9612 0
9613 0
9614 0
9615 0
9616 0
9617 0
9618 1
9619 0
9620 0
9621 0
9622 0
9623 0
9624 0
9625 0
9626 0
9627 1
9628 0
9629 1
9630 0
9631 0
9632 0
9633 0
9634 0
9635 0
9636 0
9637 1
9638 0
9639 0
9640 0
9641 0
9642 0
9643 0
9644 0
9645 0
9646 0
9647 0
9648 1
9649 0
9650 0
9651 0
9652 0
9653 0
9654 0
9655 0
9656 0
9657 0
9658 0
9659 1
9660 0
9661 0
9662 0
9663 0
9664 0
9665 0
9666 0
9667 0
9668 0
9669 0
9670 1
9671 0
9672 0
9673 0
9674 0
9675 0
9676 0
9677 0
9678 0
9679 0
9680 0
9681 0
9682 0
9683 1
9684 0
9685 0
9686 0
9687 0
9688 0
9689 0
9690 0
9691 1
9692 0
9693 0
9694 0
9695 0
9696 0
9697 1
9698 1
9699 0
9700 0
9701 0
9702 0
9703 0
9704 0
9705 0
9706 0
9707 0
9708 0
9709 1
9710 0
9711 0
9712 0
9713 0
9714 0
9715 0
9716 0
9717 0
9718 0
9719 0
9720 0
9721 0
9722 0
9723 0
9724 0
9725 0
9726 0
9727 0
9728 0
9729 0
9730 0
9731 0
9732 1
9733 0
9734 0
9735 0
9736 0
9737 0
9738 0
9739 0
9740 0
9741 0
9742 0
9743 0
9744 0
9745 0
9746 0
9747 0
9748 0
9749 1
9750 0
9751 0
9752 0
9753 0
9754 0
9755 0
9756 0
9757 0
9758 0
9759 0
9760 0
9761 0
9762 1
9763 0
9764 0
9765 0
9766 0
9767 0
9768 0
9769 0
9770 0
9771 0
9772 0
9773 0
9774 0
9775 2
9776 0
9777 1
9778 0
9779 0
9780 0
9781 1
9782 0
9783 0
9784 0
9785 0
9786 0
9787 0
9788 0
9789 0
9790 0
9791 0
9792 0
9793 0
9794 0
9795 0
9796 0
9797 0
9798 0
9799 0
9800 0
9801 0
9802 0
9803 0
9804 1
9805 0
9806 0
9807 0
9808 0
9809 0
9810 0
9811 0
9812 0
9813 0
9814 0
9815 1
9816 0
9817 1
9818 0
9819 0
9820 0
9821 0
9822 0
9823 0
9824 0
9825 0
9826 0
9827 0
9828 0
9829 0
9830 0
9831 0
9832 1
9833 1
9834 1
9835 0
9836 0
9837 0
9838 1
9839 0
9840 0
9841 0
9842 0
9843 2
9844 0
9845 0
9846 0
9847 0
9848 0
9849 0
9850 0
9851 1
9852 0
9853 0
9854 0
9855 0
9856 0
9857 0
9858 0
9859 0
9860 0
9861 1
9862 0
9863 1
9864 0
9865 0
9866 0
9867 0
9868 1
9869 0
9870 2
9871 0
9872 0
9873 1
9874 0
9875 0
9876 0
9877 0
9878 0
9879 0
9880 0
9881 2
9882 0
9883 0
9884 0
9885 0
9886 0
9887 1
9888 0
9889 0
9890 0
9891 1
9892 1
9893 0
9894 0
9895 0
9896 0
9897 0
9898 0
9899 0
9900 0
9901 0
9902 0
9903 1
9904 0
9905 0
9906 0
9907 0
9908 0
9909 0
9910 0
9911 0
9912 0
9913 0
9914 0
9915 0
9916 0
9917 0
9918 0
9919 0
9920 0
9921 0
9922 0
9923 1
9924 1
9925 0
9926 0
9927 0
9928 1
9929 0
9930 1
9931 0
9932 0
9933 0
9934 0
9935 1
9936 0
9937 0
9938 0
9939 1
9940 0
9941 0
9942 1
9943 1
9944 0
9945 0
9946 0
9947 1
9948 0
9949 0
9950 0
9951 0
9952 0
9953 1
9954 0
9955 0
9956 1
9957 0
9958 0
9959 0
9960 0
9961 0
9962 0
9963 0
9964 1
9965 0
9966 0
9967 0
9968 0
9969 0
9970 0
9971 0
9972 0
9973 0
9974 0
9975 0
9976 0
9977 0
9978 0
9979 0
9980 0
9981 0
9982 1
9983 0
9984 1
9985 1
9986 0
9987 0
9988 0
9989 0
9990 1
9991 0
9992 0
9993 0
9994 0
9995 0
9996 1
9997 0
9998 0
9999 0
10000 0
10001 493
