# Title:27-mer spectra for: derep01.fa
# XLabel:27-mer frequency
# YLabel:# distinct 27-mers
# Kmer value:27
# Input 1:dereplicated_fasta/derep01.fa
###
1 7381983
2 957483
3 445800
4 271019
5 185710
6 133958
7 99358
8 78117
9 64107
10 52628
11 43649
12 37422
13 31684
14 28139
15 24343
16 22068
17 19567
18 17932
19 16189
20 14851
21 13742
22 12116
23 11476
24 10280
25 9772
26 9104
27 8566
28 7860
29 7497
30 7187
31 6875
32 6496
33 5990
34 5830
35 5453
36 5227
37 4958
38 4650
39 4252
40 4089
41 4119
42 3827
43 3738
44 3396
45 3430
46 3185
47 3224
48 2969
49 3020
50 2711
51 2745
52 2678
53 2703
54 2578
55 2553
56 2449
57 2401
58 2316
59 2235
60 2122
61 2054
62 2016
63 2001
64 1985
65 1860
66 1816
67 1743
68 1702
69 1709
70 1563
71 1578
72 1509
73 1410
74 1448
75 1418
76 1369
77 1316
78 1302
79 1256
80 1258
81 1125
82 1099
83 1087
84 1086
85 1117
86 1117
87 1081
88 1091
89 1049
90 1025
91 1080
92 1066
93 937
94 900
95 892
96 897
97 907
98 923
99 885
100 890
101 842
102 836
103 793
104 789
105 772
106 695
107 703
108 697
109 752
110 707
111 695
112 731
113 684
114 690
115 667
116 608
117 656
118 580
119 654
120 603
121 591
122 614
123 611
124 607
125 609
126 627
127 626
128 595
129 581
130 602
131 554
132 516
133 512
134 522
135 496
136 508
137 490
138 493
139 515
140 453
141 449
142 434
143 466
144 417
145 436
146 424
147 444
148 420
149 414
150 412
151 435
152 386
153 427
154 367
155 402
156 386
157 371
158 379
159 400
160 365
161 355
162 348
163 351
164 333
165 319
166 330
167 325
168 322
169 378
170 331
171 332
172 306
173 292
174 301
175 276
176 346
177 289
178 328
179 315
180 343
181 308
182 300
183 305
184 283
185 330
186 294
187 313
188 290
189 312
190 269
191 286
192 309
193 291
194 279
195 250
196 274
197 258
198 288
199 273
200 248
201 249
202 274
203 255
204 289
205 242
206 252
207 258
208 295
209 226
210 254
211 242
212 245
213 250
214 243
215 239
216 240
217 226
218 236
219 240
220 217
221 224
222 211
223 205
224 243
225 213
226 187
227 197
228 200
229 206
230 185
231 177
232 217
233 204
234 213
235 223
236 209
237 221
238 201
239 199
240 191
241 189
242 199
243 191
244 177
245 188
246 190
247 201
248 192
249 171
250 155
251 166
252 156
253 154
254 185
255 162
256 158
257 155
258 149
259 171
260 167
261 120
262 151
263 154
264 134
265 130
266 135
267 120
268 127
269 143
270 151
271 141
272 162
273 136
274 120
275 131
276 137
277 128
278 116
279 126
280 121
281 137
282 118
283 123
284 135
285 128
286 120
287 118
288 123
289 121
290 106
291 120
292 89
293 101
294 108
295 106
296 105
297 87
298 106
299 104
300 95
301 101
302 100
303 108
304 89
305 92
306 114
307 109
308 98
309 104
310 104
311 112
312 81
313 110
314 118
315 99
316 95
317 114
318 114
319 107
320 106
321 100
322 121
323 108
324 93
325 90
326 113
327 110
328 107
329 107
330 83
331 91
332 89
333 91
334 98
335 98
336 102
337 95
338 87
339 97
340 83
341 96
342 86
343 91
344 99
345 98
346 89
347 101
348 103
349 84
350 110
351 86
352 84
353 70
354 89
355 85
356 81
357 101
358 68
359 91
360 85
361 76
362 73
363 86
364 84
365 78
366 76
367 80
368 92
369 86
370 71
371 67
372 82
373 83
374 95
375 89
376 84
377 82
378 74
379 75
380 74
381 66
382 82
383 69
384 72
385 84
386 70
387 95
388 84
389 76
390 96
391 84
392 86
393 90
394 83
395 84
396 87
397 75
398 81
399 79
400 69
401 68
402 89
403 62
404 76
405 79
406 75
407 68
408 57
409 76
410 55
411 71
412 70
413 55
414 73
415 71
416 59
417 64
418 65
419 81
420 65
421 62
422 67
423 54
424 56
425 58
426 59
427 57
428 67
429 62
430 56
431 63
432 63
433 61
434 61
435 64
436 50
437 40
438 53
439 61
440 74
441 72
442 70
443 56
444 64
445 54
446 48
447 57
448 61
449 67
450 53
451 57
452 60
453 70
454 53
455 63
456 53
457 65
458 62
459 61
460 50
461 60
462 63
463 59
464 48
465 45
466 61
467 51
468 59
469 66
470 49
471 56
472 55
473 48
474 57
475 50
476 48
477 48
478 51
479 43
480 57
481 57
482 54
483 54
484 65
485 39
486 42
487 58
488 52
489 46
490 49
491 55
492 45
493 29
494 54
495 36
496 36
497 37
498 48
499 56
500 45
501 47
502 65
503 54
504 44
505 48
506 70
507 43
508 35
509 30
510 53
511 36
512 44
513 43
514 36
515 46
516 40
517 53
518 34
519 47
520 46
521 47
522 34
523 44
524 42
525 44
526 48
527 39
528 47
529 36
530 36
531 32
532 34
533 32
534 42
535 39
536 50
537 49
538 52
539 34
540 44
541 42
542 48
543 32
544 49
545 34
546 36
547 39
548 38
549 48
550 33
551 39
552 46
553 38
554 27
555 44
556 49
557 38
558 36
559 29
560 33
561 40
562 32
563 33
564 43
565 28
566 32
567 37
568 36
569 34
570 33
571 29
572 34
573 36
574 34
575 33
576 38
577 32
578 32
579 29
580 33
581 34
582 30
583 26
584 38
585 37
586 28
587 23
588 37
589 26
590 28
591 32
592 33
593 25
594 20
595 35
596 24
597 26
598 31
599 32
600 36
601 32
602 29
603 35
604 30
605 30
606 26
607 31
608 20
609 36
610 22
611 24
612 23
613 28
614 38
615 34
616 26
617 31
618 23
619 27
620 34
621 30
622 28
623 26
624 29
625 31
626 28
627 44
628 36
629 38
630 24
631 29
632 24
633 30
634 25
635 28
636 30
637 40
638 20
639 35
640 29
641 33
642 24
643 25
644 23
645 27
646 29
647 17
648 24
649 22
650 28
651 26
652 26
653 22
654 22
655 18
656 26
657 40
658 23
659 26
660 30
661 31
662 24
663 24
664 29
665 24
666 22
667 24
668 29
669 21
670 20
671 24
672 33
673 27
674 29
675 29
676 27
677 31
678 41
679 29
680 34
681 27
682 26
683 28
684 31
685 26
686 31
687 18
688 25
689 30
690 17
691 23
692 28
693 23
694 18
695 19
696 30
697 16
698 32
699 25
700 30
701 24
702 24
703 28
704 29
705 27
706 20
707 24
708 18
709 21
710 22
711 35
712 27
713 36
714 27
715 21
716 34
717 22
718 18
719 22
720 31
721 18
722 25
723 21
724 33
725 25
726 28
727 28
728 27
729 22
730 24
731 20
732 26
733 24
734 19
735 14
736 28
737 34
738 21
739 24
740 22
741 20
742 21
743 19
744 13
745 16
746 16
747 16
748 24
749 15
750 29
751 19
752 23
753 23
754 29
755 17
756 19
757 18
758 16
759 20
760 26
761 21
762 21
763 27
764 23
765 26
766 21
767 20
768 14
769 15
770 21
771 18
772 25
773 24
774 23
775 19
776 17
777 16
778 23
779 23
780 11
781 13
782 16
783 15
784 15
785 19
786 22
787 9
788 14
789 13
790 21
791 11
792 14
793 17
794 16
795 11
796 17
797 18
798 17
799 19
800 25
801 18
802 17
803 12
804 15
805 20
806 18
807 14
808 9
809 14
810 19
811 15
812 11
813 12
814 18
815 17
816 13
817 9
818 23
819 13
820 20
821 7
822 15
823 17
824 22
825 18
826 17
827 17
828 11
829 13
830 13
831 14
832 18
833 15
834 18
835 24
836 20
837 21
838 10
839 21
840 27
841 12
842 17
843 28
844 24
845 17
846 16
847 21
848 13
849 18
850 21
851 20
852 17
853 16
854 17
855 15
856 18
857 15
858 18
859 24
860 17
861 22
862 19
863 15
864 15
865 16
866 20
867 18
868 10
869 12
870 20
871 11
872 14
873 15
874 17
875 11
876 27
877 18
878 25
879 16
880 15
881 14
882 15
883 9
884 16
885 22
886 13
887 21
888 14
889 16
890 12
891 18
892 18
893 18
894 13
895 14
896 11
897 11
898 11
899 9
900 10
901 9
902 10
903 14
904 13
905 15
906 12
907 16
908 21
909 13
910 7
911 15
912 6
913 16
914 15
915 12
916 18
917 19
918 13
919 16
920 9
921 12
922 15
923 10
924 16
925 16
926 11
927 14
928 18
929 17
930 14
931 16
932 11
933 13
934 14
935 14
936 14
937 11
938 13
939 12
940 12
941 15
942 18
943 13
944 9
945 12
946 13
947 7
948 6
949 10
950 11
951 19
952 20
953 12
954 10
955 10
956 5
957 13
958 14
959 11
960 13
961 23
962 18
963 12
964 15
965 14
966 14
967 14
968 17
969 18
970 8
971 18
972 12
973 12
974 17
975 11
976 8
977 12
978 12
979 17
980 12
981 16
982 17
983 13
984 11
985 11
986 10
987 10
988 12
989 17
990 14
991 14
992 12
993 10
994 12
995 8
996 10
997 11
998 8
999 12
1000 11
1001 8
1002 15
1003 15
1004 9
1005 12
1006 16
1007 10
1008 9
1009 16
1010 11
1011 14
1012 12
1013 10
1014 11
1015 13
1016 15
1017 13
1018 7
1019 11
1020 8
1021 11
1022 6
1023 13
1024 11
1025 4
1026 5
1027 13
1028 15
1029 9
1030 8
1031 13
1032 11
1033 10
1034 9
1035 14
1036 10
1037 9
1038 10
1039 9
1040 15
1041 11
1042 11
1043 15
1044 12
1045 16
1046 15
1047 13
1048 13
1049 11
1050 11
1051 16
1052 9
1053 11
1054 10
1055 14
1056 7
1057 12
1058 9
1059 11
1060 6
1061 7
1062 12
1063 9
1064 9
1065 7
1066 2
1067 7
1068 9
1069 8
1070 6
1071 9
1072 14
1073 12
1074 9
1075 14
1076 21
1077 8
1078 10
1079 9
1080 9
1081 9
1082 11
1083 11
1084 13
1085 7
1086 9
1087 4
1088 9
1089 11
1090 7
1091 7
1092 14
1093 10
1094 9
1095 11
1096 8
1097 10
1098 9
1099 11
1100 10
1101 11
1102 11
1103 9
1104 14
1105 10
1106 9
1107 10
1108 7
1109 7
1110 2
1111 7
1112 11
1113 16
1114 4
1115 11
1116 11
1117 11
1118 8
1119 18
1120 9
1121 6
1122 10
1123 2
1124 7
1125 10
1126 9
1127 8
1128 8
1129 5
1130 9
1131 7
1132 7
1133 9
1134 10
1135 15
1136 12
1137 11
1138 10
1139 10
1140 8
1141 10
1142 13
1143 7
1144 7
1145 12
1146 9
1147 9
1148 7
1149 7
1150 7
1151 7
1152 9
1153 8
1154 10
1155 7
1156 6
1157 6
1158 8
1159 9
1160 3
1161 6
1162 12
1163 6
1164 9
1165 8
1166 7
1167 8
1168 13
1169 10
1170 10
1171 6
1172 6
1173 9
1174 12
1175 9
1176 5
1177 12
1178 6
1179 4
1180 4
1181 11
1182 14
1183 7
1184 8
1185 6
1186 7
1187 7
1188 9
1189 13
1190 10
1191 7
1192 8
1193 10
1194 10
1195 9
1196 10
1197 9
1198 9
1199 16
1200 8
1201 7
1202 11
1203 10
1204 6
1205 7
1206 8
1207 6
1208 5
1209 7
1210 4
1211 8
1212 10
1213 11
1214 7
1215 11
1216 6
1217 4
1218 13
1219 12
1220 6
1221 7
1222 7
1223 10
1224 7
1225 8
1226 9
1227 7
1228 17
1229 6
1230 12
1231 4
1232 5
1233 2
1234 8
1235 8
1236 3
1237 6
1238 8
1239 6
1240 11
1241 9
1242 6
1243 15
1244 3
1245 5
1246 6
1247 7
1248 6
1249 7
1250 8
1251 3
1252 7
1253 9
1254 10
1255 9
1256 5
1257 5
1258 11
1259 8
1260 8
1261 5
1262 7
1263 8
1264 6
1265 8
1266 8
1267 10
1268 5
1269 7
1270 6
1271 10
1272 7
1273 8
1274 3
1275 3
1276 10
1277 9
1278 10
1279 8
1280 8
1281 9
1282 7
1283 4
1284 9
1285 13
1286 6
1287 12
1288 1
1289 8
1290 7
1291 8
1292 5
1293 11
1294 4
1295 13
1296 11
1297 5
1298 8
1299 8
1300 6
1301 7
1302 7
1303 9
1304 15
1305 5
1306 7
1307 9
1308 10
1309 6
1310 7
1311 5
1312 6
1313 4
1314 10
1315 6
1316 9
1317 8
1318 5
1319 8
1320 6
1321 5
1322 6
1323 6
1324 4
1325 3
1326 3
1327 7
1328 5
1329 1
1330 5
1331 9
1332 6
1333 2
1334 5
1335 2
1336 3
1337 3
1338 3
1339 4
1340 6
1341 7
1342 5
1343 4
1344 3
1345 9
1346 5
1347 5
1348 6
1349 10
1350 3
1351 3
1352 5
1353 5
1354 6
1355 5
1356 8
1357 3
1358 6
1359 2
1360 5
1361 1
1362 5
1363 6
1364 2
1365 7
1366 3
1367 5
1368 3
1369 4
1370 4
1371 4
1372 1
1373 7
1374 4
1375 6
1376 3
1377 8
1378 7
1379 5
1380 7
1381 6
1382 4
1383 7
1384 5
1385 9
1386 8
1387 5
1388 6
1389 4
1390 5
1391 3
1392 1
1393 6
1394 8
1395 6
1396 8
1397 4
1398 6
1399 5
1400 0
1401 2
1402 8
1403 5
1404 2
1405 4
1406 7
1407 6
1408 5
1409 5
1410 3
1411 3
1412 3
1413 4
1414 4
1415 3
1416 6
1417 6
1418 2
1419 3
1420 2
1421 5
1422 7
1423 3
1424 2
1425 4
1426 1
1427 3
1428 6
1429 3
1430 6
1431 3
1432 7
1433 6
1434 5
1435 7
1436 4
1437 2
1438 4
1439 6
1440 8
1441 4
1442 3
1443 6
1444 3
1445 1
1446 3
1447 5
1448 7
1449 4
1450 8
1451 4
1452 4
1453 9
1454 5
1455 8
1456 7
1457 6
1458 7
1459 3
1460 3
1461 6
1462 6
1463 7
1464 2
1465 4
1466 3
1467 3
1468 10
1469 5
1470 0
1471 6
1472 6
1473 6
1474 6
1475 3
1476 2
1477 1
1478 4
1479 4
1480 2
1481 7
1482 5
1483 9
1484 6
1485 2
1486 4
1487 7
1488 3
1489 5
1490 5
1491 2
1492 3
1493 2
1494 5
1495 2
1496 5
1497 5
1498 4
1499 4
1500 3
1501 4
1502 7
1503 4
1504 5
1505 9
1506 4
1507 3
1508 5
1509 4
1510 4
1511 7
1512 4
1513 6
1514 5
1515 5
1516 6
1517 4
1518 4
1519 4
1520 3
1521 8
1522 5
1523 4
1524 6
1525 2
1526 5
1527 2
1528 3
1529 6
1530 5
1531 5
1532 6
1533 5
1534 6
1535 4
1536 3
1537 5
1538 11
1539 10
1540 5
1541 5
1542 2
1543 9
1544 7
1545 3
1546 0
1547 1
1548 5
1549 5
1550 2
1551 4
1552 6
1553 4
1554 4
1555 4
1556 4
1557 6
1558 3
1559 3
1560 3
1561 3
1562 4
1563 2
1564 6
1565 5
1566 3
1567 5
1568 4
1569 4
1570 2
1571 4
1572 5
1573 3
1574 6
1575 5
1576 4
1577 3
1578 2
1579 5
1580 4
1581 2
1582 3
1583 1
1584 8
1585 4
1586 2
1587 7
1588 1
1589 7
1590 5
1591 7
1592 3
1593 2
1594 8
1595 1
1596 4
1597 6
1598 3
1599 3
1600 4
1601 3
1602 4
1603 4
1604 2
1605 4
1606 3
1607 2
1608 4
1609 3
1610 3
1611 3
1612 5
1613 3
1614 4
1615 5
1616 6
1617 6
1618 7
1619 4
1620 6
1621 2
1622 4
1623 2
1624 3
1625 3
1626 4
1627 5
1628 0
1629 5
1630 1
1631 1
1632 5
1633 2
1634 4
1635 3
1636 4
1637 4
1638 5
1639 8
1640 5
1641 6
1642 4
1643 2
1644 5
1645 2
1646 2
1647 3
1648 3
1649 2
1650 6
1651 3
1652 1
1653 1
1654 3
1655 4
1656 3
1657 9
1658 2
1659 1
1660 2
1661 4
1662 7
1663 0
1664 3
1665 2
1666 4
1667 3
1668 1
1669 4
1670 3
1671 5
1672 3
1673 5
1674 3
1675 5
1676 5
1677 5
1678 5
1679 0
1680 4
1681 0
1682 5
1683 1
1684 7
1685 1
1686 2
1687 5
1688 5
1689 2
1690 2
1691 2
1692 1
1693 3
1694 2
1695 6
1696 4
1697 2
1698 3
1699 2
1700 2
1701 3
1702 1
1703 1
1704 5
1705 2
1706 2
1707 6
1708 3
1709 5
1710 1
1711 2
1712 0
1713 0
1714 2
1715 2
1716 3
1717 6
1718 2
1719 2
1720 4
1721 2
1722 3
1723 2
1724 2
1725 2
1726 2
1727 3
1728 1
1729 0
1730 4
1731 1
1732 1
1733 1
1734 4
1735 5
1736 3
1737 0
1738 0
1739 4
1740 6
1741 2
1742 4
1743 4
1744 4
1745 5
1746 5
1747 1
1748 1
1749 3
1750 2
1751 2
1752 5
1753 5
1754 4
1755 0
1756 6
1757 2
1758 3
1759 3
1760 5
1761 1
1762 5
1763 4
1764 2
1765 3
1766 4
1767 2
1768 4
1769 3
1770 3
1771 0
1772 2
1773 2
1774 4
1775 3
1776 3
1777 4
1778 7
1779 4
1780 0
1781 6
1782 3
1783 2
1784 0
1785 5
1786 2
1787 3
1788 3
1789 3
1790 4
1791 1
1792 7
1793 6
1794 6
1795 0
1796 1
1797 4
1798 6
1799 2
1800 4
1801 2
1802 1
1803 6
1804 6
1805 0
1806 2
1807 2
1808 1
1809 5
1810 3
1811 5
1812 0
1813 0
1814 2
1815 2
1816 2
1817 5
1818 2
1819 1
1820 2
1821 1
1822 2
1823 6
1824 3
1825 2
1826 5
1827 5
1828 1
1829 3
1830 3
1831 1
1832 4
1833 1
1834 2
1835 1
1836 0
1837 4
1838 6
1839 2
1840 2
1841 4
1842 2
1843 3
1844 6
1845 0
1846 2
1847 3
1848 0
1849 1
1850 4
1851 2
1852 2
1853 5
1854 4
1855 4
1856 2
1857 4
1858 3
1859 1
1860 6
1861 2
1862 1
1863 4
1864 1
1865 3
1866 4
1867 2
1868 2
1869 2
1870 2
1871 2
1872 0
1873 4
1874 2
1875 4
1876 1
1877 1
1878 2
1879 1
1880 5
1881 0
1882 3
1883 2
1884 2
1885 1
1886 2
1887 2
1888 4
1889 4
1890 2
1891 7
1892 3
1893 4
1894 2
1895 3
1896 0
1897 5
1898 3
1899 2
1900 2
1901 1
1902 1
1903 2
1904 1
1905 2
1906 7
1907 6
1908 3
1909 0
1910 3
1911 2
1912 1
1913 0
1914 3
1915 2
1916 3
1917 2
1918 1
1919 2
1920 2
1921 1
1922 5
1923 2
1924 3
1925 2
1926 3
1927 2
1928 1
1929 3
1930 5
1931 5
1932 8
1933 1
1934 6
1935 6
1936 2
1937 1
1938 2
1939 1
1940 4
1941 2
1942 3
1943 3
1944 5
1945 0
1946 5
1947 2
1948 4
1949 3
1950 6
1951 5
1952 3
1953 3
1954 4
1955 2
1956 1
1957 1
1958 0
1959 3
1960 4
1961 4
1962 3
1963 1
1964 2
1965 3
1966 4
1967 1
1968 2
1969 3
1970 6
1971 4
1972 2
1973 4
1974 2
1975 4
1976 0
1977 3
1978 3
1979 3
1980 4
1981 1
1982 2
1983 3
1984 3
1985 1
1986 2
1987 3
1988 3
1989 0
1990 6
1991 1
1992 0
1993 3
1994 0
1995 3
1996 1
1997 2
1998 2
1999 5
2000 0
2001 3
2002 1
2003 4
2004 5
2005 2
2006 2
2007 4
2008 3
2009 2
2010 1
2011 2
2012 4
2013 0
2014 0
2015 3
2016 2
2017 2
2018 0
2019 1
2020 2
2021 0
2022 4
2023 3
2024 1
2025 3
2026 1
2027 1
2028 1
2029 0
2030 1
2031 1
2032 0
2033 4
2034 0
2035 1
2036 3
2037 1
2038 0
2039 0
2040 2
2041 3
2042 2
2043 2
2044 0
2045 4
2046 3
2047 5
2048 2
2049 2
2050 3
2051 1
2052 3
2053 2
2054 0
2055 1
2056 4
2057 3
2058 2
2059 2
2060 2
2061 4
2062 4
2063 3
2064 2
2065 11
2066 5
2067 2
2068 3
2069 1
2070 2
2071 2
2072 2
2073 2
2074 1
2075 6
2076 5
2077 1
2078 0
2079 4
2080 0
2081 4
2082 3
2083 1
2084 3
2085 0
2086 1
2087 3
2088 0
2089 3
2090 3
2091 1
2092 2
2093 3
2094 2
2095 2
2096 2
2097 4
2098 3
2099 1
2100 3
2101 3
2102 2
2103 4
2104 1
2105 1
2106 0
2107 1
2108 1
2109 1
2110 1
2111 2
2112 2
2113 0
2114 0
2115 3
2116 2
2117 4
2118 0
2119 1
2120 1
2121 1
2122 5
2123 1
2124 1
2125 3
2126 3
2127 1
2128 0
2129 1
2130 2
2131 2
2132 3
2133 6
2134 2
2135 4
2136 1
2137 1
2138 3
2139 4
2140 0
2141 1
2142 1
2143 2
2144 0
2145 0
2146 1
2147 0
2148 2
2149 5
2150 1
2151 2
2152 2
2153 2
2154 2
2155 0
2156 0
2157 3
2158 1
2159 2
2160 2
2161 1
2162 0
2163 2
2164 0
2165 3
2166 0
2167 0
2168 1
2169 1
2170 1
2171 1
2172 3
2173 1
2174 3
2175 2
2176 3
2177 1
2178 2
2179 2
2180 3
2181 0
2182 2
2183 0
2184 6
2185 0
2186 2
2187 3
2188 4
2189 1
2190 1
2191 2
2192 2
2193 3
2194 1
2195 3
2196 1
2197 4
2198 3
2199 1
2200 2
2201 1
2202 0
2203 1
2204 0
2205 4
2206 1
2207 1
2208 2
2209 2
2210 2
2211 1
2212 0
2213 1
2214 0
2215 1
2216 1
2217 1
2218 2
2219 0
2220 0
2221 2
2222 2
2223 0
2224 2
2225 2
2226 3
2227 1
2228 1
2229 4
2230 1
2231 2
2232 2
2233 1
2234 0
2235 2
2236 0
2237 1
2238 1
2239 1
2240 4
2241 1
2242 5
2243 3
2244 1
2245 0
2246 4
2247 4
2248 4
2249 2
2250 1
2251 2
2252 0
2253 2
2254 2
2255 2
2256 0
2257 1
2258 1
2259 1
2260 0
2261 2
2262 2
2263 2
2264 1
2265 2
2266 0
2267 1
2268 1
2269 0
2270 1
2271 1
2272 5
2273 4
2274 1
2275 0
2276 1
2277 0
2278 0
2279 4
2280 2
2281 2
2282 2
2283 1
2284 2
2285 1
2286 4
2287 0
2288 2
2289 1
2290 1
2291 2
2292 0
2293 1
2294 1
2295 3
2296 2
2297 1
2298 2
2299 1
2300 2
2301 2
2302 0
2303 2
2304 2
2305 2
2306 0
2307 0
2308 0
2309 1
2310 2
2311 0
2312 2
2313 5
2314 2
2315 2
2316 0
2317 2
2318 0
2319 4
2320 0
2321 5
2322 3
2323 3
2324 1
2325 0
2326 1
2327 2
2328 1
2329 2
2330 4
2331 4
2332 1
2333 1
2334 2
2335 2
2336 2
2337 0
2338 0
2339 1
2340 1
2341 0
2342 1
2343 0
2344 0
2345 2
2346 3
2347 2
2348 0
2349 1
2350 0
2351 0
2352 2
2353 1
2354 1
2355 1
2356 2
2357 1
2358 2
2359 0
2360 2
2361 0
2362 2
2363 0
2364 0
2365 3
2366 1
2367 0
2368 2
2369 3
2370 1
2371 1
2372 3
2373 0
2374 2
2375 1
2376 3
2377 1
2378 2
2379 2
2380 3
2381 0
2382 0
2383 0
2384 1
2385 1
2386 0
2387 0
2388 2
2389 1
2390 1
2391 1
2392 1
2393 4
2394 1
2395 3
2396 0
2397 1
2398 0
2399 1
2400 1
2401 0
2402 2
2403 1
2404 2
2405 3
2406 5
2407 1
2408 5
2409 0
2410 5
2411 2
2412 0
2413 2
2414 3
2415 4
2416 1
2417 3
2418 2
2419 0
2420 2
2421 1
2422 0
2423 1
2424 1
2425 1
2426 1
2427 1
2428 3
2429 3
2430 1
2431 0
2432 0
2433 0
2434 0
2435 0
2436 0
2437 2
2438 1
2439 0
2440 2
2441 1
2442 3
2443 0
2444 1
2445 1
2446 1
2447 2
2448 2
2449 1
2450 2
2451 1
2452 1
2453 2
2454 0
2455 1
2456 1
2457 0
2458 1
2459 4
2460 2
2461 1
2462 0
2463 0
2464 2
2465 3
2466 1
2467 2
2468 0
2469 0
2470 2
2471 2
2472 3
2473 3
2474 3
2475 2
2476 1
2477 1
2478 2
2479 3
2480 2
2481 3
2482 2
2483 1
2484 1
2485 1
2486 0
2487 6
2488 1
2489 2
2490 0
2491 2
2492 3
2493 1
2494 2
2495 2
2496 1
2497 2
2498 1
2499 1
2500 1
2501 2
2502 1
2503 1
2504 1
2505 1
2506 2
2507 1
2508 0
2509 4
2510 1
2511 2
2512 1
2513 4
2514 1
2515 1
2516 1
2517 0
2518 3
2519 0
2520 1
2521 0
2522 2
2523 2
2524 2
2525 2
2526 0
2527 2
2528 1
2529 1
2530 4
2531 1
2532 2
2533 1
2534 2
2535 2
2536 3
2537 0
2538 0
2539 2
2540 1
2541 1
2542 2
2543 2
2544 0
2545 0
2546 0
2547 1
2548 3
2549 2
2550 2
2551 4
2552 2
2553 1
2554 1
2555 1
2556 1
2557 3
2558 1
2559 1
2560 0
2561 0
2562 4
2563 2
2564 3
2565 1
2566 1
2567 2
2568 0
2569 0
2570 2
2571 0
2572 0
2573 1
2574 3
2575 1
2576 0
2577 2
2578 0
2579 1
2580 5
2581 2
2582 0
2583 0
2584 0
2585 0
2586 1
2587 1
2588 1
2589 2
2590 4
2591 0
2592 3
2593 2
2594 1
2595 1
2596 0
2597 2
2598 1
2599 0
2600 0
2601 0
2602 3
2603 2
2604 0
2605 1
2606 2
2607 3
2608 1
2609 1
2610 2
2611 0
2612 1
2613 1
2614 2
2615 2
2616 1
2617 2
2618 2
2619 2
2620 1
2621 1
2622 1
2623 1
2624 2
2625 2
2626 2
2627 1
2628 1
2629 4
2630 0
2631 1
2632 0
2633 0
2634 0
2635 0
2636 0
2637 2
2638 0
2639 0
2640 0
2641 0
2642 4
2643 2
2644 3
2645 1
2646 0
2647 1
2648 1
2649 2
2650 0
2651 1
2652 2
2653 0
2654 1
2655 3
2656 0
2657 0
2658 3
2659 1
2660 1
2661 1
2662 1
2663 1
2664 2
2665 1
2666 1
2667 0
2668 0
2669 1
2670 1
2671 1
2672 2
2673 0
2674 2
2675 0
2676 0
2677 2
2678 0
2679 0
2680 1
2681 0
2682 1
2683 0
2684 2
2685 0
2686 2
2687 0
2688 2
2689 3
2690 0
2691 0
2692 0
2693 1
2694 0
2695 1
2696 2
2697 1
2698 1
2699 2
2700 0
2701 0
2702 1
2703 0
2704 3
2705 0
2706 2
2707 1
2708 0
2709 0
2710 1
2711 1
2712 1
2713 1
2714 1
2715 0
2716 0
2717 0
2718 3
2719 1
2720 1
2721 1
2722 0
2723 1
2724 1
2725 2
2726 1
2727 0
2728 1
2729 1
2730 0
2731 0
2732 1
2733 2
2734 1
2735 1
2736 0
2737 0
2738 1
2739 0
2740 3
2741 1
2742 1
2743 1
2744 1
2745 0
2746 0
2747 2
2748 2
2749 2
2750 4
2751 1
2752 1
2753 0
2754 2
2755 2
2756 1
2757 0
2758 1
2759 1
2760 2
2761 2
2762 1
2763 0
2764 2
2765 1
2766 1
2767 0
2768 1
2769 0
2770 2
2771 1
2772 0
2773 0
2774 4
2775 2
2776 3
2777 1
2778 1
2779 5
2780 0
2781 1
2782 0
2783 0
2784 2
2785 3
2786 0
2787 1
2788 0
2789 0
2790 0
2791 1
2792 1
2793 3
2794 1
2795 1
2796 0
2797 0
2798 0
2799 0
2800 1
2801 2
2802 2
2803 1
2804 1
2805 0
2806 0
2807 0
2808 0
2809 0
2810 1
2811 2
2812 1
2813 1
2814 1
2815 1
2816 0
2817 2
2818 0
2819 3
2820 1
2821 0
2822 0
2823 4
2824 3
2825 4
2826 0
2827 0
2828 0
2829 2
2830 1
2831 2
2832 0
2833 1
2834 0
2835 1
2836 2
2837 0
2838 2
2839 0
2840 1
2841 0
2842 2
2843 0
2844 1
2845 2
2846 2
2847 0
2848 0
2849 1
2850 0
2851 0
2852 4
2853 2
2854 1
2855 2
2856 1
2857 0
2858 1
2859 0
2860 3
2861 1
2862 4
2863 0
2864 0
2865 1
2866 1
2867 0
2868 0
2869 1
2870 1
2871 0
2872 0
2873 0
2874 0
2875 2
2876 1
2877 1
2878 1
2879 0
2880 2
2881 2
2882 1
2883 2
2884 1
2885 3
2886 0
2887 2
2888 2
2889 0
2890 1
2891 2
2892 2
2893 0
2894 0
2895 3
2896 0
2897 1
2898 3
2899 2
2900 2
2901 1
2902 1
2903 2
2904 1
2905 0
2906 2
2907 1
2908 0
2909 2
2910 0
2911 1
2912 0
2913 5
2914 2
2915 1
2916 1
2917 1
2918 1
2919 0
2920 1
2921 2
2922 1
2923 0
2924 0
2925 2
2926 0
2927 0
2928 0
2929 2
2930 1
2931 1
2932 0
2933 2
2934 1
2935 1
2936 1
2937 1
2938 2
2939 0
2940 0
2941 1
2942 2
2943 1
2944 1
2945 1
2946 2
2947 0
2948 0
2949 3
2950 0
2951 1
2952 0
2953 2
2954 0
2955 1
2956 1
2957 0
2958 0
2959 1
2960 3
2961 0
2962 2
2963 1
2964 4
2965 1
2966 2
2967 1
2968 1
2969 0
2970 1
2971 0
2972 0
2973 1
2974 1
2975 0
2976 0
2977 1
2978 1
2979 1
2980 0
2981 0
2982 1
2983 0
2984 0
2985 1
2986 1
2987 0
2988 0
2989 0
2990 1
2991 0
2992 3
2993 1
2994 1
2995 2
2996 0
2997 2
2998 0
2999 3
3000 2
3001 1
3002 3
3003 1
3004 2
3005 0
3006 1
3007 1
3008 1
3009 1
3010 3
3011 0
3012 0
3013 1
3014 0
3015 0
3016 0
3017 3
3018 1
3019 0
3020 3
3021 1
3022 2
3023 0
3024 0
3025 0
3026 1
3027 0
3028 0
3029 1
3030 0
3031 1
3032 0
3033 0
3034 0
3035 3
3036 0
3037 0
3038 2
3039 0
3040 0
3041 1
3042 2
3043 1
3044 3
3045 0
3046 2
3047 0
3048 2
3049 2
3050 1
3051 0
3052 0
3053 0
3054 0
3055 0
3056 1
3057 1
3058 0
3059 0
3060 1
3061 0
3062 1
3063 1
3064 1
3065 0
3066 0
3067 0
3068 1
3069 3
3070 1
3071 1
3072 1
3073 1
3074 2
3075 0
3076 0
3077 2
3078 0
3079 0
3080 2
3081 0
3082 1
3083 1
3084 0
3085 2
3086 0
3087 1
3088 3
3089 2
3090 3
3091 0
3092 1
3093 2
3094 2
3095 1
3096 0
3097 0
3098 2
3099 3
3100 2
3101 0
3102 0
3103 0
3104 0
3105 2
3106 4
3107 1
3108 1
3109 0
3110 1
3111 0
3112 2
3113 1
3114 0
3115 2
3116 1
3117 1
3118 3
3119 0
3120 2
3121 2
3122 2
3123 0
3124 2
3125 0
3126 0
3127 3
3128 0
3129 3
3130 0
3131 0
3132 0
3133 1
3134 2
3135 1
3136 1
3137 0
3138 2
3139 0
3140 0
3141 2
3142 0
3143 1
3144 1
3145 1
3146 1
3147 1
3148 0
3149 2
3150 2
3151 1
3152 2
3153 1
3154 0
3155 1
3156 1
3157 1
3158 0
3159 4
3160 2
3161 0
3162 0
3163 1
3164 0
3165 0
3166 0
3167 1
3168 1
3169 2
3170 1
3171 1
3172 0
3173 0
3174 0
3175 0
3176 1
3177 2
3178 1
3179 0
3180 1
3181 0
3182 0
3183 1
3184 0
3185 3
3186 1
3187 0
3188 1
3189 2
3190 2
3191 1
3192 1
3193 1
3194 1
3195 1
3196 0
3197 0
3198 0
3199 0
3200 2
3201 1
3202 1
3203 2
3204 1
3205 1
3206 1
3207 3
3208 0
3209 1
3210 1
3211 0
3212 0
3213 1
3214 1
3215 2
3216 0
3217 0
3218 2
3219 0
3220 0
3221 3
3222 0
3223 1
3224 0
3225 0
3226 1
3227 1
3228 0
3229 0
3230 0
3231 0
3232 1
3233 0
3234 0
3235 1
3236 0
3237 1
3238 1
3239 0
3240 0
3241 1
3242 1
3243 0
3244 0
3245 0
3246 0
3247 1
3248 0
3249 0
3250 1
3251 2
3252 0
3253 0
3254 1
3255 1
3256 0
3257 0
3258 0
3259 0
3260 0
3261 0
3262 1
3263 0
3264 0
3265 0
3266 2
3267 1
3268 0
3269 0
3270 3
3271 0
3272 0
3273 0
3274 1
3275 0
3276 0
3277 1
3278 1
3279 2
3280 3
3281 0
3282 0
3283 1
3284 0
3285 0
3286 0
3287 0
3288 0
3289 0
3290 0
3291 0
3292 0
3293 0
3294 0
3295 0
3296 1
3297 0
3298 0
3299 0
3300 1
3301 0
3302 0
3303 0
3304 1
3305 1
3306 0
3307 1
3308 0
3309 1
3310 0
3311 0
3312 1
3313 0
3314 0
3315 0
3316 0
3317 0
3318 0
3319 0
3320 0
3321 0
3322 3
3323 1
3324 1
3325 0
3326 0
3327 0
3328 1
3329 0
3330 0
3331 2
3332 0
3333 1
3334 1
3335 1
3336 1
3337 0
3338 1
3339 2
3340 0
3341 1
3342 0
3343 1
3344 1
3345 1
3346 0
3347 0
3348 1
3349 0
3350 0
3351 0
3352 0
3353 1
3354 0
3355 1
3356 2
3357 1
3358 1
3359 0
3360 1
3361 0
3362 2
3363 0
3364 2
3365 0
3366 1
3367 0
3368 1
3369 0
3370 1
3371 1
3372 0
3373 1
3374 2
3375 1
3376 0
3377 1
3378 0
3379 1
3380 1
3381 0
3382 3
3383 0
3384 1
3385 2
3386 1
3387 0
3388 0
3389 0
3390 2
3391 2
3392 0
3393 1
3394 4
3395 2
3396 0
3397 0
3398 1
3399 0
3400 0
3401 0
3402 0
3403 0
3404 2
3405 1
3406 1
3407 0
3408 2
3409 1
3410 1
3411 0
3412 0
3413 0
3414 2
3415 1
3416 1
3417 1
3418 0
3419 0
3420 1
3421 0
3422 1
3423 1
3424 1
3425 3
3426 0
3427 0
3428 0
3429 0
3430 1
3431 0
3432 1
3433 0
3434 1
3435 0
3436 0
3437 0
3438 1
3439 1
3440 0
3441 1
3442 0
3443 1
3444 1
3445 0
3446 0
3447 0
3448 1
3449 0
3450 2
3451 0
3452 1
3453 1
3454 0
3455 1
3456 0
3457 1
3458 0
3459 0
3460 0
3461 0
3462 2
3463 0
3464 1
3465 0
3466 0
3467 0
3468 1
3469 0
3470 1
3471 0
3472 1
3473 0
3474 0
3475 1
3476 1
3477 0
3478 1
3479 0
3480 0
3481 0
3482 1
3483 0
3484 0
3485 0
3486 0
3487 0
3488 0
3489 0
3490 0
3491 0
3492 0
3493 0
3494 0
3495 1
3496 0
3497 0
3498 0
3499 1
3500 1
3501 0
3502 0
3503 0
3504 0
3505 0
3506 0
3507 0
3508 0
3509 1
3510 1
3511 0
3512 0
3513 1
3514 2
3515 0
3516 1
3517 0
3518 1
3519 0
3520 1
3521 1
3522 0
3523 1
3524 0
3525 1
3526 1
3527 1
3528 1
3529 1
3530 0
3531 1
3532 1
3533 1
3534 0
3535 2
3536 1
3537 0
3538 2
3539 0
3540 0
3541 0
3542 0
3543 0
3544 1
3545 0
3546 0
3547 0
3548 1
3549 1
3550 0
3551 0
3552 1
3553 0
3554 0
3555 1
3556 1
3557 0
3558 1
3559 0
3560 0
3561 0
3562 1
3563 1
3564 0
3565 1
3566 0
3567 1
3568 1
3569 0
3570 0
3571 0
3572 1
3573 0
3574 2
3575 0
3576 0
3577 1
3578 0
3579 2
3580 1
3581 1
3582 1
3583 0
3584 1
3585 3
3586 2
3587 1
3588 1
3589 0
3590 0
3591 1
3592 1
3593 0
3594 1
3595 0
3596 1
3597 0
3598 0
3599 2
3600 0
3601 3
3602 2
3603 0
3604 1
3605 2
3606 2
3607 1
3608 1
3609 1
3610 0
3611 1
3612 0
3613 1
3614 0
3615 0
3616 3
3617 0
3618 0
3619 2
3620 0
3621 0
3622 1
3623 1
3624 0
3625 1
3626 0
3627 0
3628 1
3629 1
3630 2
3631 1
3632 0
3633 1
3634 1
3635 2
3636 1
3637 0
3638 0
3639 0
3640 1
3641 0
3642 1
3643 1
3644 0
3645 0
3646 1
3647 0
3648 0
3649 2
3650 1
3651 0
3652 0
3653 0
3654 2
3655 2
3656 2
3657 1
3658 6
3659 0
3660 5
3661 0
3662 1
3663 1
3664 0
3665 0
3666 1
3667 1
3668 0
3669 0
3670 0
3671 0
3672 2
3673 1
3674 2
3675 0
3676 0
3677 0
3678 0
3679 2
3680 0
3681 1
3682 4
3683 2
3684 0
3685 1
3686 1
3687 0
3688 1
3689 0
3690 0
3691 0
3692 0
3693 0
3694 0
3695 1
3696 1
3697 1
3698 0
3699 2
3700 0
3701 0
3702 1
3703 1
3704 1
3705 2
3706 0
3707 1
3708 1
3709 0
3710 1
3711 1
3712 4
3713 2
3714 1
3715 1
3716 3
3717 0
3718 0
3719 0
3720 3
3721 1
3722 1
3723 1
3724 2
3725 2
3726 0
3727 0
3728 0
3729 0
3730 2
3731 1
3732 2
3733 1
3734 0
3735 2
3736 0
3737 2
3738 1
3739 1
3740 1
3741 1
3742 1
3743 0
3744 0
3745 0
3746 0
3747 2
3748 2
3749 1
3750 0
3751 4
3752 0
3753 0
3754 0
3755 2
3756 1
3757 0
3758 2
3759 2
3760 0
3761 1
3762 1
3763 0
3764 2
3765 2
3766 2
3767 0
3768 0
3769 1
3770 1
3771 0
3772 0
3773 0
3774 0
3775 1
3776 0
3777 2
3778 2
3779 1
3780 1
3781 0
3782 2
3783 0
3784 1
3785 0
3786 0
3787 0
3788 1
3789 1
3790 1
3791 1
3792 1
3793 1
3794 1
3795 0
3796 2
3797 1
3798 1
3799 3
3800 1
3801 2
3802 1
3803 0
3804 1
3805 0
3806 1
3807 0
3808 2
3809 1
3810 2
3811 1
3812 0
3813 0
3814 0
3815 2
3816 1
3817 1
3818 2
3819 0
3820 1
3821 1
3822 0
3823 0
3824 2
3825 2
3826 1
3827 0
3828 0
3829 0
3830 0
3831 3
3832 0
3833 1
3834 2
3835 1
3836 0
3837 1
3838 3
3839 0
3840 2
3841 1
3842 0
3843 1
3844 0
3845 1
3846 3
3847 2
3848 2
3849 3
3850 0
3851 1
3852 1
3853 1
3854 1
3855 3
3856 3
3857 1
3858 0
3859 0
3860 0
3861 0
3862 2
3863 1
3864 1
3865 3
3866 0
3867 2
3868 0
3869 2
3870 1
3871 1
3872 2
3873 1
3874 0
3875 2
3876 0
3877 2
3878 1
3879 0
3880 2
3881 0
3882 0
3883 2
3884 1
3885 0
3886 0
3887 1
3888 2
3889 0
3890 2
3891 2
3892 1
3893 1
3894 0
3895 0
3896 1
3897 0
3898 1
3899 0
3900 1
3901 0
3902 0
3903 3
3904 0
3905 0
3906 0
3907 1
3908 1
3909 1
3910 1
3911 1
3912 1
3913 0
3914 0
3915 0
3916 0
3917 0
3918 0
3919 0
3920 1
3921 0
3922 0
3923 1
3924 0
3925 0
3926 0
3927 2
3928 1
3929 2
3930 0
3931 1
3932 1
3933 1
3934 1
3935 0
3936 2
3937 0
3938 0
3939 1
3940 1
3941 2
3942 2
3943 1
3944 1
3945 2
3946 0
3947 0
3948 1
3949 0
3950 0
3951 1
3952 0
3953 0
3954 1
3955 0
3956 0
3957 0
3958 1
3959 0
3960 1
3961 1
3962 1
3963 0
3964 1
3965 2
3966 2
3967 2
3968 2
3969 0
3970 0
3971 0
3972 0
3973 0
3974 0
3975 2
3976 0
3977 0
3978 0
3979 0
3980 0
3981 1
3982 1
3983 1
3984 1
3985 1
3986 1
3987 0
3988 0
3989 0
3990 0
3991 1
3992 0
3993 0
3994 0
3995 0
3996 0
3997 0
3998 3
3999 0
4000 1
4001 1
4002 0
4003 1
4004 1
4005 0
4006 0
4007 0
4008 0
4009 0
4010 0
4011 1
4012 0
4013 0
4014 0
4015 0
4016 0
4017 1
4018 0
4019 0
4020 0
4021 0
4022 2
4023 0
4024 2
4025 0
4026 0
4027 1
4028 1
4029 0
4030 1
4031 1
4032 0
4033 0
4034 0
4035 0
4036 2
4037 1
4038 0
4039 2
4040 2
4041 0
4042 0
4043 0
4044 0
4045 0
4046 0
4047 0
4048 0
4049 0
4050 0
4051 1
4052 0
4053 0
4054 0
4055 0
4056 0
4057 0
4058 0
4059 1
4060 0
4061 2
4062 2
4063 0
4064 0
4065 0
4066 0
4067 0
4068 1
4069 1
4070 1
4071 0
4072 0
4073 1
4074 1
4075 0
4076 0
4077 1
4078 1
4079 1
4080 0
4081 0
4082 0
4083 0
4084 0
4085 1
4086 2
4087 2
4088 0
4089 0
4090 0
4091 1
4092 1
4093 2
4094 0
4095 2
4096 0
4097 2
4098 2
4099 1
4100 0
4101 0
4102 0
4103 1
4104 0
4105 0
4106 0
4107 0
4108 0
4109 0
4110 0
4111 1
4112 0
4113 0
4114 1
4115 0
4116 0
4117 0
4118 1
4119 0
4120 2
4121 1
4122 1
4123 0
4124 0
4125 1
4126 1
4127 0
4128 0
4129 0
4130 0
4131 0
4132 1
4133 1
4134 0
4135 0
4136 0
4137 0
4138 1
4139 1
4140 1
4141 0
4142 0
4143 0
4144 1
4145 0
4146 1
4147 0
4148 1
4149 0
4150 1
4151 0
4152 0
4153 2
4154 0
4155 0
4156 0
4157 0
4158 0
4159 0
4160 1
4161 0
4162 0
4163 1
4164 1
4165 0
4166 0
4167 1
4168 1
4169 2
4170 0
4171 2
4172 0
4173 0
4174 1
4175 0
4176 1
4177 1
4178 0
4179 0
4180 0
4181 0
4182 0
4183 0
4184 2
4185 1
4186 0
4187 0
4188 1
4189 0
4190 1
4191 0
4192 1
4193 1
4194 0
4195 1
4196 0
4197 0
4198 1
4199 0
4200 0
4201 1
4202 0
4203 0
4204 0
4205 1
4206 0
4207 0
4208 0
4209 0
4210 1
4211 1
4212 0
4213 0
4214 1
4215 0
4216 0
4217 2
4218 0
4219 0
4220 0
4221 1
4222 1
4223 0
4224 0
4225 1
4226 1
4227 0
4228 0
4229 0
4230 0
4231 0
4232 1
4233 0
4234 2
4235 3
4236 0
4237 1
4238 0
4239 0
4240 0
4241 0
4242 0
4243 1
4244 0
4245 0
4246 0
4247 3
4248 1
4249 1
4250 0
4251 0
4252 1
4253 1
4254 1
4255 2
4256 0
4257 0
4258 0
4259 0
4260 0
4261 0
4262 1
4263 0
4264 0
4265 3
4266 2
4267 0
4268 0
4269 0
4270 0
4271 0
4272 2
4273 0
4274 2
4275 1
4276 1
4277 1
4278 0
4279 0
4280 1
4281 0
4282 0
4283 2
4284 2
4285 2
4286 2
4287 0
4288 1
4289 0
4290 0
4291 1
4292 0
4293 1
4294 3
4295 0
4296 0
4297 1
4298 0
4299 0
4300 1
4301 0
4302 0
4303 1
4304 1
4305 0
4306 0
4307 0
4308 0
4309 1
4310 0
4311 1
4312 2
4313 1
4314 2
4315 0
4316 0
4317 0
4318 1
4319 0
4320 0
4321 0
4322 0
4323 0
4324 1
4325 1
4326 0
4327 0
4328 0
4329 0
4330 1
4331 2
4332 0
4333 1
4334 1
4335 0
4336 1
4337 1
4338 0
4339 1
4340 1
4341 0
4342 1
4343 2
4344 2
4345 2
4346 0
4347 0
4348 1
4349 0
4350 1
4351 2
4352 0
4353 1
4354 0
4355 0
4356 0
4357 2
4358 0
4359 1
4360 0
4361 1
4362 1
4363 1
4364 3
4365 2
4366 1
4367 1
4368 0
4369 0
4370 3
4371 0
4372 0
4373 1
4374 1
4375 2
4376 1
4377 0
4378 1
4379 1
4380 0
4381 0
4382 0
4383 0
4384 1
4385 3
4386 0
4387 0
4388 0
4389 0
4390 0
4391 0
4392 0
4393 1
4394 0
4395 0
4396 1
4397 0
4398 0
4399 1
4400 1
4401 0
4402 0
4403 1
4404 1
4405 1
4406 1
4407 0
4408 0
4409 0
4410 0
4411 0
4412 0
4413 0
4414 0
4415 1
4416 0
4417 1
4418 2
4419 0
4420 0
4421 0
4422 0
4423 0
4424 1
4425 0
4426 0
4427 1
4428 1
4429 3
4430 1
4431 0
4432 0
4433 0
4434 1
4435 0
4436 0
4437 0
4438 0
4439 0
4440 2
4441 0
4442 0
4443 1
4444 0
4445 0
4446 0
4447 0
4448 0
4449 0
4450 0
4451 1
4452 1
4453 0
4454 0
4455 1
4456 0
4457 1
4458 0
4459 0
4460 1
4461 1
4462 1
4463 0
4464 1
4465 1
4466 0
4467 1
4468 0
4469 1
4470 0
4471 1
4472 0
4473 1
4474 0
4475 0
4476 0
4477 0
4478 1
4479 0
4480 0
4481 0
4482 0
4483 0
4484 1
4485 0
4486 0
4487 1
4488 1
4489 0
4490 0
4491 0
4492 3
4493 2
4494 0
4495 1
4496 0
4497 0
4498 1
4499 0
4500 0
4501 2
4502 0
4503 0
4504 0
4505 0
4506 0
4507 0
4508 1
4509 0
4510 0
4511 0
4512 1
4513 1
4514 0
4515 0
4516 0
4517 0
4518 1
4519 0
4520 0
4521 2
4522 0
4523 0
4524 0
4525 0
4526 0
4527 0
4528 0
4529 3
4530 0
4531 0
4532 0
4533 0
4534 2
4535 1
4536 0
4537 0
4538 1
4539 0
4540 1
4541 0
4542 0
4543 1
4544 1
4545 1
4546 0
4547 1
4548 0
4549 0
4550 0
4551 0
4552 0
4553 1
4554 0
4555 0
4556 0
4557 0
4558 1
4559 0
4560 0
4561 0
4562 2
4563 2
4564 0
4565 0
4566 0
4567 0
4568 0
4569 1
4570 0
4571 0
4572 0
4573 0
4574 2
4575 0
4576 0
4577 0
4578 0
4579 1
4580 0
4581 1
4582 1
4583 0
4584 0
4585 0
4586 1
4587 0
4588 0
4589 0
4590 0
4591 1
4592 0
4593 0
4594 0
4595 2
4596 0
4597 2
4598 0
4599 1
4600 0
4601 0
4602 0
4603 1
4604 1
4605 0
4606 0
4607 1
4608 0
4609 0
4610 1
4611 0
4612 0
4613 1
4614 1
4615 0
4616 0
4617 1
4618 1
4619 0
4620 0
4621 0
4622 0
4623 0
4624 2
4625 1
4626 2
4627 0
4628 2
4629 2
4630 1
4631 0
4632 0
4633 0
4634 2
4635 0
4636 0
4637 1
4638 1
4639 1
4640 1
4641 0
4642 1
4643 0
4644 0
4645 0
4646 0
4647 1
4648 0
4649 1
4650 0
4651 0
4652 0
4653 0
4654 0
4655 1
4656 0
4657 0
4658 0
4659 0
4660 0
4661 0
4662 0
4663 0
4664 0
4665 0
4666 1
4667 0
4668 2
4669 0
4670 0
4671 1
4672 0
4673 1
4674 1
4675 0
4676 0
4677 0
4678 0
4679 0
4680 0
4681 0
4682 0
4683 1
4684 2
4685 0
4686 0
4687 0
4688 1
4689 1
4690 1
4691 1
4692 1
4693 2
4694 0
4695 0
4696 0
4697 1
4698 0
4699 0
4700 0
4701 0
4702 0
4703 1
4704 0
4705 0
4706 2
4707 2
4708 0
4709 0
4710 1
4711 2
4712 1
4713 0
4714 3
4715 0
4716 0
4717 1
4718 0
4719 0
4720 1
4721 0
4722 2
4723 0
4724 0
4725 1
4726 0
4727 0
4728 1
4729 1
4730 2
4731 0
4732 2
4733 0
4734 0
4735 0
4736 0
4737 0
4738 1
4739 0
4740 1
4741 1
4742 0
4743 1
4744 1
4745 0
4746 0
4747 2
4748 1
4749 0
4750 1
4751 0
4752 1
4753 0
4754 1
4755 0
4756 0
4757 1
4758 1
4759 0
4760 1
4761 0
4762 0
4763 1
4764 0
4765 1
4766 0
4767 3
4768 1
4769 0
4770 0
4771 0
4772 2
4773 1
4774 0
4775 1
4776 0
4777 2
4778 0
4779 1
4780 0
4781 0
4782 1
4783 0
4784 0
4785 0
4786 0
4787 3
4788 0
4789 0
4790 0
4791 0
4792 1
4793 1
4794 0
4795 1
4796 0
4797 1
4798 0
4799 0
4800 0
4801 0
4802 0
4803 0
4804 0
4805 0
4806 0
4807 0
4808 0
4809 1
4810 0
4811 0
4812 2
4813 0
4814 0
4815 1
4816 0
4817 0
4818 0
4819 0
4820 0
4821 1
4822 0
4823 0
4824 0
4825 2
4826 0
4827 0
4828 0
4829 0
4830 0
4831 0
4832 1
4833 1
4834 0
4835 0
4836 0
4837 0
4838 0
4839 1
4840 0
4841 0
4842 0
4843 0
4844 0
4845 1
4846 0
4847 0
4848 0
4849 1
4850 0
4851 1
4852 0
4853 1
4854 1
4855 0
4856 0
4857 0
4858 2
4859 0
4860 0
4861 1
4862 0
4863 0
4864 0
4865 1
4866 0
4867 0
4868 0
4869 0
4870 0
4871 0
4872 0
4873 0
4874 1
4875 0
4876 0
4877 0
4878 0
4879 0
4880 1
4881 0
4882 0
4883 0
4884 0
4885 0
4886 0
4887 0
4888 0
4889 2
4890 0
4891 1
4892 1
4893 0
4894 0
4895 0
4896 2
4897 0
4898 0
4899 1
4900 0
4901 1
4902 1
4903 1
4904 0
4905 0
4906 0
4907 0
4908 0
4909 0
4910 0
4911 0
4912 1
4913 0
4914 0
4915 0
4916 0
4917 2
4918 0
4919 0
4920 0
4921 0
4922 0
4923 0
4924 0
4925 0
4926 1
4927 0
4928 2
4929 0
4930 1
4931 1
4932 0
4933 0
4934 1
4935 0
4936 0
4937 0
4938 0
4939 0
4940 0
4941 0
4942 0
4943 0
4944 0
4945 1
4946 0
4947 0
4948 1
4949 0
4950 0
4951 1
4952 0
4953 0
4954 0
4955 0
4956 1
4957 0
4958 0
4959 0
4960 0
4961 0
4962 0
4963 0
4964 0
4965 0
4966 1
4967 0
4968 0
4969 0
4970 0
4971 0
4972 0
4973 0
4974 0
4975 1
4976 0
4977 0
4978 0
4979 0
4980 0
4981 1
4982 0
4983 0
4984 0
4985 0
4986 0
4987 2
4988 0
4989 0
4990 0
4991 0
4992 0
4993 0
4994 1
4995 0
4996 0
4997 1
4998 0
4999 0
5000 0
5001 2
5002 0
5003 0
5004 1
5005 0
5006 0
5007 0
5008 0
5009 2
5010 0
5011 1
5012 0
5013 1
5014 0
5015 0
5016 0
5017 0
5018 0
5019 0
5020 0
5021 0
5022 0
5023 0
5024 0
5025 1
5026 0
5027 0
5028 1
5029 0
5030 0
5031 0
5032 1
5033 0
5034 0
5035 2
5036 0
5037 0
5038 0
5039 0
5040 1
5041 0
5042 0
5043 0
5044 0
5045 0
5046 1
5047 1
5048 1
5049 0
5050 2
5051 0
5052 2
5053 1
5054 0
5055 0
5056 0
5057 1
5058 0
5059 0
5060 0
5061 0
5062 1
5063 2
5064 0
5065 0
5066 0
5067 0
5068 1
5069 0
5070 2
5071 0
5072 2
5073 0
5074 1
5075 0
5076 1
5077 0
5078 1
5079 0
5080 0
5081 1
5082 0
5083 1
5084 0
5085 0
5086 0
5087 0
5088 0
5089 0
5090 0
5091 0
5092 1
5093 0
5094 1
5095 0
5096 0
5097 0
5098 0
5099 1
5100 0
5101 3
5102 0
5103 0
5104 0
5105 0
5106 1
5107 0
5108 1
5109 0
5110 1
5111 0
5112 0
5113 0
5114 0
5115 0
5116 1
5117 0
5118 0
5119 1
5120 0
5121 0
5122 1
5123 0
5124 0
5125 1
5126 0
5127 0
5128 0
5129 1
5130 0
5131 1
5132 0
5133 1
5134 1
5135 1
5136 0
5137 1
5138 0
5139 0
5140 0
5141 0
5142 0
5143 0
5144 0
5145 0
5146 1
5147 0
5148 0
5149 1
5150 0
5151 1
5152 0
5153 3
5154 0
5155 1
5156 1
5157 0
5158 0
5159 1
5160 0
5161 0
5162 0
5163 0
5164 1
5165 2
5166 0
5167 0
5168 2
5169 2
5170 0
5171 0
5172 0
5173 0
5174 0
5175 2
5176 1
5177 0
5178 1
5179 0
5180 1
5181 0
5182 0
5183 0
5184 0
5185 0
5186 0
5187 0
5188 1
5189 2
5190 0
5191 0
5192 1
5193 0
5194 0
5195 1
5196 1
5197 0
5198 1
5199 0
5200 1
5201 0
5202 1
5203 0
5204 0
5205 0
5206 1
5207 1
5208 1
5209 1
5210 0
5211 1
5212 0
5213 0
5214 0
5215 0
5216 0
5217 1
5218 0
5219 3
5220 0
5221 1
5222 0
5223 0
5224 2
5225 1
5226 0
5227 0
5228 0
5229 1
5230 0
5231 0
5232 1
5233 1
5234 0
5235 1
5236 0
5237 0
5238 1
5239 2
5240 0
5241 0
5242 1
5243 1
5244 0
5245 0
5246 1
5247 0
5248 0
5249 1
5250 1
5251 0
5252 1
5253 0
5254 0
5255 1
5256 0
5257 0
5258 1
5259 0
5260 0
5261 0
5262 2
5263 0
5264 3
5265 1
5266 1
5267 1
5268 0
5269 0
5270 0
5271 0
5272 0
5273 0
5274 1
5275 1
5276 0
5277 1
5278 2
5279 1
5280 0
5281 1
5282 1
5283 0
5284 1
5285 0
5286 1
5287 0
5288 0
5289 2
5290 0
5291 0
5292 0
5293 1
5294 1
5295 0
5296 1
5297 3
5298 1
5299 3
5300 0
5301 2
5302 0
5303 0
5304 1
5305 0
5306 0
5307 0
5308 0
5309 0
5310 0
5311 0
5312 0
5313 1
5314 2
5315 0
5316 1
5317 1
5318 1
5319 0
5320 1
5321 0
5322 2
5323 1
5324 0
5325 2
5326 0
5327 0
5328 0
5329 0
5330 0
5331 1
5332 0
5333 0
5334 1
5335 2
5336 1
5337 1
5338 0
5339 1
5340 1
5341 1
5342 0
5343 0
5344 0
5345 0
5346 0
5347 0
5348 1
5349 0
5350 0
5351 1
5352 2
5353 0
5354 1
5355 1
5356 1
5357 1
5358 0
5359 2
5360 0
5361 1
5362 0
5363 0
5364 1
5365 1
5366 1
5367 2
5368 0
5369 1
5370 1
5371 0
5372 0
5373 3
5374 1
5375 0
5376 0
5377 0
5378 0
5379 2
5380 1
5381 0
5382 0
5383 4
5384 0
5385 1
5386 1
5387 0
5388 0
5389 1
5390 1
5391 1
5392 1
5393 1
5394 0
5395 1
5396 1
5397 1
5398 2
5399 1
5400 0
5401 0
5402 0
5403 0
5404 1
5405 0
5406 0
5407 0
5408 0
5409 1
5410 1
5411 0
5412 2
5413 3
5414 0
5415 1
5416 0
5417 4
5418 0
5419 1
5420 0
5421 1
5422 0
5423 2
5424 0
5425 0
5426 0
5427 0
5428 0
5429 0
5430 1
5431 1
5432 1
5433 0
5434 0
5435 2
5436 0
5437 1
5438 1
5439 1
5440 1
5441 2
5442 0
5443 0
5444 0
5445 1
5446 0
5447 0
5448 1
5449 0
5450 0
5451 0
5452 1
5453 0
5454 0
5455 1
5456 1
5457 1
5458 0
5459 2
5460 0
5461 0
5462 0
5463 1
5464 0
5465 1
5466 0
5467 2
5468 1
5469 1
5470 1
5471 0
5472 1
5473 1
5474 0
5475 0
5476 0
5477 1
5478 0
5479 3
5480 1
5481 1
5482 2
5483 1
5484 0
5485 0
5486 0
5487 0
5488 0
5489 0
5490 0
5491 0
5492 0
5493 4
5494 2
5495 0
5496 0
5497 1
5498 2
5499 0
5500 1
5501 0
5502 2
5503 2
5504 1
5505 1
5506 4
5507 0
5508 0
5509 1
5510 1
5511 1
5512 0
5513 0
5514 1
5515 0
5516 0
5517 0
5518 0
5519 0
5520 0
5521 0
5522 0
5523 1
5524 0
5525 0
5526 0
5527 1
5528 0
5529 0
5530 1
5531 1
5532 0
5533 0
5534 0
5535 2
5536 0
5537 1
5538 0
5539 1
5540 0
5541 0
5542 0
5543 0
5544 0
5545 1
5546 0
5547 0
5548 0
5549 2
5550 0
5551 0
5552 0
5553 1
5554 0
5555 1
5556 0
5557 1
5558 0
5559 0
5560 0
5561 2
5562 0
5563 0
5564 0
5565 0
5566 2
5567 0
5568 1
5569 0
5570 2
5571 0
5572 0
5573 1
5574 1
5575 0
5576 0
5577 2
5578 0
5579 0
5580 0
5581 1
5582 0
5583 0
5584 0
5585 0
5586 0
5587 0
5588 1
5589 1
5590 0
5591 0
5592 1
5593 0
5594 0
5595 0
5596 0
5597 1
5598 0
5599 0
5600 0
5601 0
5602 0
5603 0
5604 1
5605 0
5606 0
5607 0
5608 1
5609 0
5610 0
5611 0
5612 0
5613 0
5614 0
5615 2
5616 0
5617 2
5618 0
5619 1
5620 1
5621 0
5622 0
5623 0
5624 0
5625 0
5626 0
5627 1
5628 0
5629 0
5630 0
5631 2
5632 0
5633 0
5634 0
5635 0
5636 1
5637 1
5638 0
5639 0
5640 2
5641 1
5642 0
5643 0
5644 1
5645 0
5646 0
5647 0
5648 1
5649 0
5650 0
5651 0
5652 0
5653 0
5654 1
5655 0
5656 0
5657 0
5658 1
5659 1
5660 0
5661 0
5662 0
5663 1
5664 1
5665 0
5666 1
5667 0
5668 0
5669 1
5670 0
5671 1
5672 0
5673 1
5674 0
5675 0
5676 3
5677 0
5678 1
5679 0
5680 0
5681 1
5682 1
5683 1
5684 0
5685 0
5686 0
5687 0
5688 1
5689 0
5690 0
5691 0
5692 1
5693 0
5694 0
5695 0
5696 0
5697 0
5698 1
5699 0
5700 0
5701 1
5702 1
5703 0
5704 0
5705 2
5706 0
5707 0
5708 1
5709 1
5710 0
5711 1
5712 0
5713 1
5714 0
5715 0
5716 0
5717 0
5718 0
5719 0
5720 1
5721 1
5722 4
5723 0
5724 0
5725 0
5726 1
5727 0
5728 2
5729 0
5730 0
5731 1
5732 0
5733 0
5734 0
5735 0
5736 0
5737 1
5738 1
5739 1
5740 1
5741 1
5742 0
5743 0
5744 0
5745 0
5746 0
5747 0
5748 0
5749 0
5750 0
5751 0
5752 0
5753 0
5754 0
5755 2
5756 0
5757 0
5758 2
5759 0
5760 0
5761 0
5762 0
5763 0
5764 0
5765 0
5766 0
5767 0
5768 0
5769 2
5770 0
5771 0
5772 0
5773 2
5774 0
5775 0
5776 1
5777 1
5778 0
5779 0
5780 0
5781 0
5782 1
5783 0
5784 0
5785 0
5786 0
5787 0
5788 0
5789 1
5790 0
5791 1
5792 0
5793 1
5794 0
5795 1
5796 0
5797 1
5798 0
5799 1
5800 0
5801 0
5802 2
5803 0
5804 0
5805 0
5806 1
5807 0
5808 1
5809 0
5810 0
5811 0
5812 0
5813 0
5814 0
5815 0
5816 0
5817 0
5818 0
5819 0
5820 0
5821 1
5822 1
5823 0
5824 0
5825 0
5826 0
5827 0
5828 1
5829 0
5830 0
5831 0
5832 0
5833 0
5834 0
5835 0
5836 1
5837 0
5838 0
5839 0
5840 1
5841 0
5842 1
5843 0
5844 1
5845 1
5846 0
5847 0
5848 0
5849 1
5850 0
5851 1
5852 0
5853 0
5854 1
5855 0
5856 1
5857 0
5858 0
5859 1
5860 0
5861 0
5862 0
5863 0
5864 0
5865 1
5866 0
5867 1
5868 0
5869 1
5870 0
5871 0
5872 0
5873 3
5874 1
5875 1
5876 1
5877 0
5878 0
5879 0
5880 1
5881 0
5882 0
5883 1
5884 0
5885 2
5886 0
5887 0
5888 0
5889 1
5890 1
5891 0
5892 1
5893 0
5894 0
5895 0
5896 2
5897 0
5898 0
5899 0
5900 0
5901 0
5902 0
5903 1
5904 0
5905 0
5906 0
5907 0
5908 1
5909 0
5910 3
5911 0
5912 0
5913 0
5914 0
5915 0
5916 1
5917 0
5918 0
5919 0
5920 1
5921 1
5922 0
5923 0
5924 0
5925 0
5926 1
5927 1
5928 1
5929 1
5930 0
5931 0
5932 0
5933 0
5934 0
5935 1
5936 0
5937 0
5938 0
5939 0
5940 0
5941 0
5942 0
5943 0
5944 1
5945 0
5946 0
5947 0
5948 0
5949 0
5950 1
5951 0
5952 0
5953 0
5954 2
5955 0
5956 2
5957 0
5958 1
5959 0
5960 0
5961 1
5962 0
5963 0
5964 1
5965 0
5966 1
5967 0
5968 0
5969 0
5970 0
5971 0
5972 0
5973 0
5974 0
5975 0
5976 0
5977 0
5978 0
5979 1
5980 0
5981 0
5982 1
5983 0
5984 0
5985 0
5986 0
5987 0
5988 0
5989 0
5990 0
5991 2
5992 1
5993 0
5994 1
5995 1
5996 1
5997 0
5998 2
5999 0
6000 2
6001 1
6002 0
6003 1
6004 0
6005 0
6006 1
6007 1
6008 1
6009 0
6010 1
6011 0
6012 0
6013 1
6014 0
6015 0
6016 0
6017 0
6018 0
6019 1
6020 0
6021 0
6022 1
6023 0
6024 0
6025 0
6026 0
6027 0
6028 0
6029 0
6030 0
6031 0
6032 0
6033 1
6034 0
6035 0
6036 0
6037 0
6038 0
6039 0
6040 1
6041 0
6042 2
6043 1
6044 0
6045 0
6046 0
6047 1
6048 1
6049 2
6050 0
6051 0
6052 0
6053 0
6054 0
6055 1
6056 0
6057 0
6058 0
6059 1
6060 1
6061 0
6062 0
6063 0
6064 0
6065 1
6066 0
6067 0
6068 2
6069 0
6070 0
6071 0
6072 0
6073 0
6074 1
6075 0
6076 2
6077 0
6078 0
6079 0
6080 0
6081 1
6082 0
6083 0
6084 1
6085 0
6086 1
6087 0
6088 1
6089 1
6090 0
6091 0
6092 0
6093 0
6094 1
6095 1
6096 0
6097 0
6098 0
6099 1
6100 0
6101 2
6102 0
6103 0
6104 0
6105 0
6106 0
6107 0
6108 1
6109 0
6110 0
6111 0
6112 0
6113 0
6114 0
6115 0
6116 2
6117 0
6118 0
6119 0
6120 0
6121 0
6122 0
6123 1
6124 0
6125 0
6126 0
6127 0
6128 0
6129 0
6130 0
6131 0
6132 0
6133 0
6134 0
6135 0
6136 2
6137 0
6138 0
6139 0
6140 0
6141 0
6142 0
6143 0
6144 1
6145 1
6146 0
6147 0
6148 0
6149 1
6150 0
6151 0
6152 2
6153 1
6154 0
6155 1
6156 1
6157 0
6158 0
6159 0
6160 0
6161 0
6162 0
6163 1
6164 0
6165 1
6166 0
6167 0
6168 0
6169 0
6170 0
6171 0
6172 1
6173 1
6174 0
6175 0
6176 1
6177 0
6178 2
6179 0
6180 0
6181 0
6182 0
6183 0
6184 0
6185 1
6186 0
6187 0
6188 1
6189 0
6190 0
6191 0
6192 0
6193 0
6194 0
6195 0
6196 1
6197 2
6198 2
6199 0
6200 0
6201 1
6202 0
6203 0
6204 1
6205 0
6206 0
6207 1
6208 0
6209 0
6210 3
6211 0
6212 0
6213 0
6214 1
6215 0
6216 0
6217 1
6218 0
6219 0
6220 0
6221 0
6222 0
6223 0
6224 1
6225 0
6226 1
6227 2
6228 1
6229 0
6230 0
6231 0
6232 1
6233 0
6234 0
6235 0
6236 0
6237 0
6238 0
6239 1
6240 0
6241 0
6242 0
6243 0
6244 0
6245 0
6246 0
6247 0
6248 0
6249 0
6250 0
6251 0
6252 0
6253 0
6254 0
6255 0
6256 0
6257 0
6258 0
6259 0
6260 0
6261 1
6262 0
6263 0
6264 2
6265 0
6266 0
6267 0
6268 0
6269 0
6270 0
6271 0
6272 0
6273 0
6274 0
6275 0
6276 0
6277 0
6278 0
6279 1
6280 0
6281 0
6282 1
6283 0
6284 0
6285 0
6286 1
6287 0
6288 0
6289 2
6290 0
6291 0
6292 3
6293 0
6294 0
6295 0
6296 0
6297 0
6298 0
6299 0
6300 0
6301 0
6302 0
6303 0
6304 0
6305 0
6306 0
6307 0
6308 0
6309 0
6310 0
6311 0
6312 1
6313 0
6314 0
6315 0
6316 0
6317 0
6318 0
6319 0
6320 0
6321 1
6322 0
6323 0
6324 0
6325 0
6326 0
6327 0
6328 0
6329 1
6330 0
6331 1
6332 0
6333 0
6334 1
6335 1
6336 0
6337 0
6338 0
6339 0
6340 2
6341 0
6342 1
6343 1
6344 1
6345 0
6346 0
6347 1
6348 1
6349 0
6350 1
6351 1
6352 0
6353 0
6354 1
6355 0
6356 0
6357 0
6358 0
6359 0
6360 0
6361 0
6362 1
6363 0
6364 0
6365 0
6366 0
6367 0
6368 0
6369 0
6370 0
6371 0
6372 0
6373 0
6374 0
6375 1
6376 1
6377 0
6378 1
6379 0
6380 1
6381 0
6382 0
6383 0
6384 0
6385 0
6386 0
6387 0
6388 0
6389 0
6390 2
6391 0
6392 1
6393 0
6394 0
6395 0
6396 0
6397 0
6398 1
6399 0
6400 0
6401 0
6402 0
6403 0
6404 0
6405 1
6406 0
6407 1
6408 0
6409 1
6410 0
6411 0
6412 0
6413 0
6414 0
6415 0
6416 0
6417 0
6418 0
6419 1
6420 0
6421 0
6422 0
6423 1
6424 0
6425 0
6426 0
6427 0
6428 0
6429 0
6430 0
6431 0
6432 0
6433 0
6434 0
6435 0
6436 0
6437 0
6438 0
6439 0
6440 0
6441 0
6442 0
6443 0
6444 0
6445 1
6446 1
6447 1
6448 1
6449 0
6450 0
6451 1
6452 0
6453 0
6454 0
6455 0
6456 2
6457 0
6458 0
6459 0
6460 0
6461 0
6462 0
6463 0
6464 0
6465 0
6466 0
6467 2
6468 0
6469 0
6470 0
6471 0
6472 0
6473 0
6474 1
6475 0
6476 0
6477 1
6478 0
6479 0
6480 1
6481 0
6482 0
6483 0
6484 0
6485 0
6486 0
6487 1
6488 1
6489 0
6490 0
6491 0
6492 0
6493 0
6494 0
6495 0
6496 1
6497 0
6498 0
6499 0
6500 0
6501 0
6502 0
6503 0
6504 0
6505 0
6506 0
6507 1
6508 0
6509 1
6510 1
6511 0
6512 0
6513 0
6514 1
6515 0
6516 0
6517 0
6518 0
6519 0
6520 0
6521 1
6522 1
6523 0
6524 1
6525 0
6526 0
6527 0
6528 0
6529 0
6530 0
6531 0
6532 0
6533 0
6534 0
6535 0
6536 0
6537 0
6538 0
6539 0
6540 0
6541 0
6542 0
6543 0
6544 0
6545 0
6546 0
6547 0
6548 0
6549 0
6550 0
6551 0
6552 0
6553 0
6554 0
6555 0
6556 0
6557 0
6558 0
6559 0
6560 0
6561 0
6562 0
6563 0
6564 0
6565 0
6566 0
6567 0
6568 0
6569 1
6570 0
6571 0
6572 0
6573 1
6574 1
6575 0
6576 0
6577 1
6578 0
6579 0
6580 2
6581 0
6582 0
6583 0
6584 0
6585 0
6586 0
6587 1
6588 0
6589 0
6590 0
6591 0
6592 0
6593 0
6594 0
6595 0
6596 0
6597 2
6598 1
6599 0
6600 0
6601 0
6602 0
6603 0
6604 1
6605 0
6606 1
6607 0
6608 1
6609 0
6610 0
6611 0
6612 0
6613 0
6614 0
6615 1
6616 0
6617 0
6618 0
6619 0
6620 0
6621 0
6622 1
6623 0
6624 0
6625 0
6626 0
6627 0
6628 0
6629 0
6630 0
6631 0
6632 1
6633 0
6634 0
6635 0
6636 1
6637 0
6638 0
6639 0
6640 0
6641 0
6642 0
6643 0
6644 0
6645 0
6646 0
6647 0
6648 0
6649 0
6650 0
6651 1
6652 0
6653 0
6654 0
6655 0
6656 0
6657 0
6658 0
6659 1
6660 0
6661 0
6662 0
6663 0
6664 0
6665 0
6666 0
6667 0
6668 0
6669 0
6670 0
6671 0
6672 0
6673 0
6674 0
6675 0
6676 0
6677 0
6678 0
6679 1
6680 0
6681 0
6682 0
6683 0
6684 0
6685 0
6686 0
6687 1
6688 0
6689 1
6690 0
6691 0
6692 0
6693 1
6694 0
6695 0
6696 0
6697 0
6698 0
6699 0
6700 0
6701 1
6702 0
6703 1
6704 0
6705 0
6706 0
6707 0
6708 0
6709 1
6710 0
6711 0
6712 0
6713 0
6714 1
6715 0
6716 0
6717 0
6718 1
6719 0
6720 0
6721 1
6722 0
6723 0
6724 1
6725 0
6726 0
6727 0
6728 0
6729 0
6730 0
6731 0
6732 0
6733 2
6734 1
6735 0
6736 0
6737 0
6738 0
6739 0
6740 0
6741 0
6742 0
6743 0
6744 0
6745 1
6746 0
6747 0
6748 0
6749 0
6750 0
6751 0
6752 0
6753 0
6754 0
6755 0
6756 0
6757 0
6758 0
6759 0
6760 0
6761 0
6762 0
6763 1
6764 0
6765 0
6766 0
6767 0
6768 0
6769 0
6770 2
6771 0
6772 0
6773 0
6774 0
6775 0
6776 0
6777 0
6778 0
6779 0
6780 0
6781 0
6782 0
6783 1
6784 0
6785 0
6786 0
6787 0
6788 0
6789 0
6790 1
6791 0
6792 0
6793 0
6794 0
6795 1
6796 0
6797 1
6798 0
6799 0
6800 0
6801 0
6802 0
6803 1
6804 0
6805 0
6806 0
6807 0
6808 1
6809 0
6810 0
6811 0
6812 1
6813 0
6814 1
6815 1
6816 0
6817 1
6818 0
6819 0
6820 0
6821 0
6822 0
6823 0
6824 2
6825 0
6826 0
6827 0
6828 0
6829 0
6830 0
6831 0
6832 0
6833 0
6834 1
6835 0
6836 0
6837 0
6838 0
6839 0
6840 0
6841 1
6842 1
6843 0
6844 0
6845 0
6846 0
6847 0
6848 0
6849 0
6850 1
6851 0
6852 0
6853 0
6854 0
6855 0
6856 0
6857 1
6858 1
6859 0
6860 0
6861 0
6862 0
6863 0
6864 0
6865 0
6866 0
6867 0
6868 0
6869 0
6870 1
6871 0
6872 0
6873 0
6874 0
6875 0
6876 0
6877 0
6878 1
6879 0
6880 0
6881 0
6882 0
6883 0
6884 1
6885 0
6886 1
6887 1
6888 0
6889 0
6890 1
6891 0
6892 0
6893 0
6894 0
6895 1
6896 0
6897 0
6898 0
6899 1
6900 0
6901 0
6902 1
6903 0
6904 0
6905 0
6906 0
6907 0
6908 1
6909 0
6910 0
6911 0
6912 2
6913 0
6914 0
6915 0
6916 0
6917 0
6918 0
6919 0
6920 0
6921 0
6922 0
6923 0
6924 0
6925 0
6926 0
6927 0
6928 0
6929 0
6930 0
6931 0
6932 0
6933 0
6934 0
6935 0
6936 0
6937 0
6938 0
6939 1
6940 1
6941 0
6942 0
6943 0
6944 0
6945 0
6946 0
6947 0
6948 0
6949 0
6950 0
6951 0
6952 0
6953 0
6954 0
6955 0
6956 0
6957 0
6958 0
6959 0
6960 0
6961 0
6962 0
6963 0
6964 0
6965 0
6966 0
6967 1
6968 1
6969 0
6970 2
6971 0
6972 0
6973 0
6974 0
6975 0
6976 0
6977 0
6978 0
6979 0
6980 0
6981 1
6982 0
6983 1
6984 0
6985 0
6986 1
6987 1
6988 0
6989 0
6990 0
6991 0
6992 1
6993 1
6994 0
6995 0
6996 0
6997 0
6998 1
6999 0
7000 0
7001 1
7002 0
7003 0
7004 1
7005 1
7006 0
7007 0
7008 0
7009 0
7010 0
7011 0
7012 0
7013 1
7014 0
7015 0
7016 1
7017 0
7018 0
7019 0
7020 0
7021 0
7022 0
7023 1
7024 0
7025 0
7026 0
7027 0
7028 0
7029 0
7030 1
7031 0
7032 1
7033 1
7034 0
7035 1
7036 0
7037 0
7038 0
7039 0
7040 0
7041 0
7042 1
7043 0
7044 0
7045 0
7046 0
7047 1
7048 1
7049 0
7050 0
7051 0
7052 0
7053 0
7054 0
7055 1
7056 0
7057 0
7058 0
7059 0
7060 0
7061 0
7062 0
7063 0
7064 0
7065 0
7066 0
7067 2
7068 0
7069 0
7070 1
7071 0
7072 1
7073 0
7074 3
7075 0
7076 0
7077 0
7078 0
7079 0
7080 1
7081 0
7082 0
7083 0
7084 0
7085 1
7086 0
7087 0
7088 0
7089 0
7090 0
7091 0
7092 0
7093 0
7094 0
7095 0
7096 1
7097 0
7098 0
7099 0
7100 0
7101 0
7102 0
7103 0
7104 1
7105 0
7106 0
7107 0
7108 1
7109 0
7110 0
7111 0
7112 0
7113 0
7114 0
7115 0
7116 0
7117 0
7118 0
7119 0
7120 0
7121 0
7122 1
7123 0
7124 0
7125 0
7126 1
7127 0
7128 0
7129 0
7130 0
7131 0
7132 0
7133 0
7134 0
7135 0
7136 0
7137 1
7138 1
7139 0
7140 0
7141 0
7142 0
7143 0
7144 0
7145 0
7146 2
7147 0
7148 0
7149 0
7150 0
7151 0
7152 0
7153 0
7154 0
7155 0
7156 0
7157 0
7158 0
7159 1
7160 1
7161 1
7162 0
7163 0
7164 0
7165 0
7166 1
7167 0
7168 1
7169 0
7170 0
7171 1
7172 1
7173 0
7174 0
7175 0
7176 0
7177 0
7178 3
7179 0
7180 0
7181 0
7182 1
7183 1
7184 0
7185 1
7186 0
7187 0
7188 0
7189 0
7190 0
7191 0
7192 0
7193 2
7194 0
7195 1
7196 1
7197 2
7198 0
7199 0
7200 2
7201 0
7202 0
7203 0
7204 0
7205 0
7206 0
7207 0
7208 0
7209 2
7210 1
7211 0
7212 0
7213 1
7214 3
7215 0
7216 1
7217 0
7218 0
7219 2
7220 0
7221 0
7222 0
7223 0
7224 0
7225 0
7226 0
7227 0
7228 0
7229 1
7230 0
7231 0
7232 0
7233 0
7234 1
7235 0
7236 1
7237 0
7238 0
7239 0
7240 1
7241 1
7242 1
7243 0
7244 0
7245 1
7246 0
7247 0
7248 0
7249 0
7250 0
7251 1
7252 0
7253 1
7254 0
7255 0
7256 0
7257 1
7258 0
7259 1
7260 2
7261 1
7262 0
7263 0
7264 1
7265 0
7266 1
7267 0
7268 0
7269 0
7270 0
7271 1
7272 1
7273 0
7274 1
7275 0
7276 0
7277 0
7278 0
7279 0
7280 3
7281 1
7282 1
7283 0
7284 0
7285 0
7286 0
7287 1
7288 0
7289 0
7290 0
7291 0
7292 1
7293 0
7294 0
7295 0
7296 0
7297 0
7298 0
7299 0
7300 0
7301 1
7302 0
7303 0
7304 0
7305 0
7306 0
7307 0
7308 0
7309 0
7310 0
7311 0
7312 0
7313 0
7314 0
7315 0
7316 1
7317 0
7318 0
7319 1
7320 0
7321 0
7322 0
7323 1
7324 0
7325 1
7326 0
7327 0
7328 0
7329 0
7330 0
7331 1
7332 2
7333 0
7334 1
7335 0
7336 0
7337 1
7338 1
7339 0
7340 0
7341 0
7342 1
7343 1
7344 0
7345 0
7346 0
7347 0
7348 0
7349 0
7350 0
7351 0
7352 0
7353 0
7354 0
7355 0
7356 2
7357 0
7358 0
7359 0
7360 1
7361 0
7362 0
7363 1
7364 0
7365 0
7366 0
7367 0
7368 0
7369 0
7370 2
7371 0
7372 0
7373 0
7374 0
7375 0
7376 0
7377 2
7378 0
7379 0
7380 1
7381 0
7382 0
7383 2
7384 0
7385 1
7386 1
7387 1
7388 0
7389 0
7390 0
7391 1
7392 0
7393 0
7394 0
7395 0
7396 0
7397 1
7398 0
7399 0
7400 1
7401 1
7402 0
7403 0
7404 0
7405 0
7406 0
7407 0
7408 0
7409 0
7410 0
7411 1
7412 0
7413 2
7414 0
7415 0
7416 1
7417 0
7418 1
7419 0
7420 1
7421 0
7422 0
7423 0
7424 0
7425 0
7426 0
7427 0
7428 1
7429 0
7430 0
7431 0
7432 0
7433 0
7434 0
7435 1
7436 0
7437 0
7438 0
7439 0
7440 1
7441 0
7442 0
7443 0
7444 0
7445 0
7446 0
7447 0
7448 3
7449 0
7450 0
7451 0
7452 0
7453 3
7454 1
7455 1
7456 0
7457 0
7458 0
7459 1
7460 1
7461 0
7462 1
7463 0
7464 0
7465 0
7466 1
7467 1
7468 0
7469 0
7470 0
7471 1
7472 0
7473 0
7474 1
7475 1
7476 0
7477 0
7478 1
7479 0
7480 0
7481 0
7482 0
7483 0
7484 0
7485 0
7486 0
7487 2
7488 0
7489 1
7490 0
7491 0
7492 0
7493 1
7494 0
7495 0
7496 0
7497 1
7498 0
7499 0
7500 0
7501 2
7502 0
7503 0
7504 0
7505 0
7506 1
7507 0
7508 0
7509 0
7510 0
7511 0
7512 0
7513 1
7514 0
7515 0
7516 0
7517 1
7518 0
7519 0
7520 0
7521 0
7522 0
7523 0
7524 1
7525 1
7526 0
7527 0
7528 0
7529 0
7530 0
7531 0
7532 0
7533 0
7534 0
7535 0
7536 0
7537 0
7538 0
7539 0
7540 0
7541 1
7542 0
7543 0
7544 0
7545 0
7546 0
7547 0
7548 0
7549 0
7550 0
7551 0
7552 1
7553 0
7554 2
7555 0
7556 0
7557 0
7558 1
7559 0
7560 1
7561 0
7562 0
7563 0
7564 0
7565 0
7566 0
7567 0
7568 1
7569 0
7570 0
7571 0
7572 0
7573 0
7574 1
7575 0
7576 0
7577 0
7578 0
7579 2
7580 0
7581 0
7582 0
7583 0
7584 0
7585 0
7586 1
7587 0
7588 1
7589 0
7590 0
7591 0
7592 1
7593 0
7594 0
7595 0
7596 1
7597 0
7598 0
7599 0
7600 0
7601 1
7602 0
7603 0
7604 0
7605 0
7606 0
7607 0
7608 0
7609 2
7610 1
7611 1
7612 0
7613 0
7614 0
7615 0
7616 0
7617 0
7618 0
7619 3
7620 0
7621 0
7622 0
7623 0
7624 0
7625 0
7626 0
7627 0
7628 0
7629 0
7630 0
7631 0
7632 0
7633 2
7634 0
7635 0
7636 0
7637 0
7638 0
7639 0
7640 0
7641 0
7642 0
7643 1
7644 0
7645 0
7646 0
7647 0
7648 0
7649 0
7650 0
7651 0
7652 0
7653 1
7654 1
7655 0
7656 0
7657 0
7658 0
7659 0
7660 0
7661 0
7662 0
7663 1
7664 0
7665 0
7666 0
7667 0
7668 0
7669 0
7670 0
7671 0
7672 0
7673 0
7674 0
7675 0
7676 0
7677 0
7678 1
7679 0
7680 0
7681 1
7682 0
7683 0
7684 0
7685 0
7686 0
7687 0
7688 0
7689 0
7690 0
7691 0
7692 0
7693 0
7694 0
7695 1
7696 0
7697 0
7698 0
7699 0
7700 0
7701 0
7702 0
7703 0
7704 0
7705 1
7706 1
7707 0
7708 1
7709 1
7710 0
7711 0
7712 1
7713 0
7714 0
7715 0
7716 1
7717 0
7718 0
7719 0
7720 0
7721 0
7722 0
7723 0
7724 1
7725 0
7726 0
7727 0
7728 0
7729 0
7730 1
7731 0
7732 0
7733 1
7734 0
7735 0
7736 0
7737 0
7738 0
7739 0
7740 0
7741 1
7742 0
7743 0
7744 0
7745 1
7746 0
7747 0
7748 0
7749 0
7750 0
7751 1
7752 0
7753 0
7754 0
7755 0
7756 0
7757 1
7758 0
7759 0
7760 0
7761 1
7762 0
7763 1
7764 0
7765 0
7766 0
7767 1
7768 0
7769 0
7770 1
7771 0
7772 1
7773 0
7774 0
7775 0
7776 0
7777 0
7778 2
7779 0
7780 0
7781 0
7782 0
7783 0
7784 0
7785 0
7786 0
7787 0
7788 0
7789 0
7790 0
7791 0
7792 0
7793 0
7794 0
7795 0
7796 0
7797 1
7798 0
7799 0
7800 0
7801 0
7802 0
7803 0
7804 0
7805 0
7806 0
7807 0
7808 0
7809 1
7810 0
7811 1
7812 1
7813 0
7814 1
7815 0
7816 0
7817 0
7818 0
7819 1
7820 0
7821 0
7822 0
7823 0
7824 0
7825 0
7826 0
7827 1
7828 0
7829 0
7830 0
7831 0
7832 0
7833 1
7834 0
7835 0
7836 1
7837 0
7838 0
7839 0
7840 0
7841 0
7842 1
7843 0
7844 0
7845 2
7846 0
7847 0
7848 0
7849 0
7850 1
7851 0
7852 0
7853 0
7854 0
7855 0
7856 1
7857 1
7858 0
7859 0
7860 0
7861 0
7862 0
7863 0
7864 0
7865 0
7866 0
7867 0
7868 2
7869 1
7870 0
7871 0
7872 1
7873 1
7874 1
7875 0
7876 0
7877 0
7878 0
7879 0
7880 1
7881 0
7882 0
7883 1
7884 0
7885 0
7886 0
7887 0
7888 1
7889 0
7890 0
7891 0
7892 1
7893 0
7894 0
7895 0
7896 0
7897 0
7898 2
7899 0
7900 0
7901 0
7902 0
7903 0
7904 0
7905 0
7906 0
7907 0
7908 0
7909 0
7910 0
7911 0
7912 1
7913 0
7914 0
7915 1
7916 2
7917 0
7918 1
7919 0
7920 0
7921 0
7922 0
7923 0
7924 1
7925 2
7926 0
7927 0
7928 0
7929 0
7930 1
7931 0
7932 1
7933 0
7934 0
7935 0
7936 1
7937 0
7938 0
7939 0
7940 0
7941 0
7942 0
7943 0
7944 0
7945 0
7946 1
7947 0
7948 0
7949 0
7950 1
7951 0
7952 0
7953 0
7954 0
7955 0
7956 1
7957 1
7958 0
7959 0
7960 0
7961 1
7962 0
7963 0
7964 0
7965 1
7966 1
7967 0
7968 0
7969 0
7970 1
7971 0
7972 0
7973 0
7974 0
7975 1
7976 0
7977 0
7978 1
7979 0
7980 1
7981 0
7982 0
7983 0
7984 1
7985 0
7986 0
7987 1
7988 0
7989 0
7990 0
7991 0
7992 0
7993 0
7994 2
7995 0
7996 1
7997 0
7998 0
7999 1
8000 0
8001 0
8002 0
8003 0
8004 0
8005 0
8006 1
8007 0
8008 0
8009 0
8010 0
8011 1
8012 0
8013 0
8014 1
8015 1
8016 0
8017 0
8018 0
8019 0
8020 0
8021 0
8022 1
8023 0
8024 0
8025 3
8026 0
8027 0
8028 0
8029 0
8030 2
8031 0
8032 1
8033 0
8034 0
8035 0
8036 0
8037 0
8038 0
8039 0
8040 0
8041 0
8042 1
8043 1
8044 0
8045 0
8046 0
8047 0
8048 1
8049 0
8050 0
8051 0
8052 1
8053 0
8054 0
8055 0
8056 0
8057 0
8058 0
8059 0
8060 0
8061 0
8062 1
8063 0
8064 0
8065 0
8066 0
8067 1
8068 0
8069 0
8070 0
8071 0
8072 0
8073 0
8074 0
8075 0
8076 0
8077 0
8078 0
8079 0
8080 1
8081 0
8082 0
8083 1
8084 0
8085 0
8086 2
8087 0
8088 1
8089 0
8090 0
8091 1
8092 1
8093 0
8094 0
8095 0
8096 0
8097 0
8098 0
8099 0
8100 0
8101 0
8102 0
8103 0
8104 0
8105 1
8106 1
8107 0
8108 0
8109 0
8110 0
8111 0
8112 0
8113 0
8114 1
8115 1
8116 0
8117 0
8118 1
8119 0
8120 0
8121 0
8122 0
8123 0
8124 0
8125 0
8126 0
8127 0
8128 0
8129 0
8130 0
8131 0
8132 0
8133 0
8134 0
8135 1
8136 1
8137 0
8138 0
8139 0
8140 0
8141 0
8142 0
8143 0
8144 0
8145 0
8146 1
8147 0
8148 1
8149 0
8150 0
8151 0
8152 0
8153 0
8154 1
8155 0
8156 0
8157 0
8158 0
8159 0
8160 1
8161 0
8162 0
8163 1
8164 0
8165 0
8166 0
8167 0
8168 0
8169 0
8170 1
8171 0
8172 0
8173 0
8174 1
8175 1
8176 0
8177 0
8178 1
8179 0
8180 1
8181 0
8182 0
8183 0
8184 0
8185 0
8186 0
8187 0
8188 0
8189 0
8190 0
8191 0
8192 0
8193 1
8194 1
8195 0
8196 0
8197 0
8198 1
8199 0
8200 1
8201 0
8202 0
8203 0
8204 0
8205 0
8206 0
8207 0
8208 0
8209 0
8210 0
8211 0
8212 0
8213 0
8214 0
8215 0
8216 0
8217 0
8218 0
8219 0
8220 0
8221 0
8222 0
8223 0
8224 0
8225 0
8226 0
8227 0
8228 1
8229 0
8230 1
8231 1
8232 0
8233 0
8234 1
8235 1
8236 0
8237 0
8238 0
8239 0
8240 0
8241 0
8242 0
8243 0
8244 0
8245 0
8246 0
8247 0
8248 0
8249 0
8250 0
8251 0
8252 0
8253 0
8254 0
8255 0
8256 1
8257 0
8258 0
8259 0
8260 1
8261 0
8262 1
8263 0
8264 0
8265 0
8266 0
8267 1
8268 0
8269 1
8270 0
8271 0
8272 0
8273 0
8274 1
8275 1
8276 1
8277 0
8278 0
8279 0
8280 0
8281 1
8282 0
8283 0
8284 0
8285 0
8286 0
8287 0
8288 1
8289 0
8290 0
8291 0
8292 0
8293 0
8294 0
8295 0
8296 0
8297 0
8298 0
8299 0
8300 1
8301 1
8302 0
8303 0
8304 0
8305 0
8306 0
8307 0
8308 0
8309 1
8310 0
8311 0
8312 0
8313 0
8314 0
8315 0
8316 0
8317 0
8318 0
8319 1
8320 0
8321 0
8322 0
8323 0
8324 0
8325 0
8326 0
8327 0
8328 0
8329 0
8330 0
8331 0
8332 0
8333 0
8334 0
8335 1
8336 0
8337 0
8338 0
8339 0
8340 2
8341 0
8342 0
8343 0
8344 0
8345 2
8346 0
8347 0
8348 0
8349 1
8350 0
8351 0
8352 0
8353 0
8354 0
8355 0
8356 0
8357 0
8358 0
8359 0
8360 0
8361 0
8362 1
8363 1
8364 0
8365 0
8366 1
8367 0
8368 0
8369 0
8370 1
8371 0
8372 0
8373 0
8374 0
8375 0
8376 1
8377 0
8378 0
8379 0
8380 0
8381 0
8382 0
8383 0
8384 0
8385 0
8386 0
8387 0
8388 0
8389 0
8390 1
8391 1
8392 0
8393 0
8394 0
8395 1
8396 0
8397 0
8398 0
8399 1
8400 0
8401 0
8402 0
8403 0
8404 0
8405 1
8406 0
8407 0
8408 1
8409 1
8410 0
8411 0
8412 0
8413 0
8414 0
8415 0
8416 0
8417 1
8418 0
8419 0
8420 0
8421 0
8422 0
8423 0
8424 0
8425 0
8426 0
8427 0
8428 0
8429 2
8430 0
8431 0
8432 0
8433 0
8434 0
8435 0
8436 0
8437 0
8438 0
8439 0
8440 0
8441 0
8442 0
8443 1
8444 0
8445 0
8446 0
8447 0
8448 0
8449 0
8450 0
8451 1
8452 0
8453 0
8454 0
8455 0
8456 0
8457 0
8458 0
8459 0
8460 1
8461 0
8462 0
8463 0
8464 0
8465 0
8466 0
8467 1
8468 0
8469 0
8470 0
8471 0
8472 0
8473 0
8474 0
8475 0
8476 0
8477 0
8478 0
8479 0
8480 0
8481 0
8482 0
8483 0
8484 1
8485 0
8486 0
8487 0
8488 0
8489 0
8490 0
8491 1
8492 0
8493 0
8494 0
8495 0
8496 0
8497 0
8498 1
8499 0
8500 2
8501 0
8502 1
8503 0
8504 0
8505 0
8506 1
8507 0
8508 0
8509 1
8510 0
8511 0
8512 0
8513 0
8514 0
8515 0
8516 0
8517 0
8518 0
8519 0
8520 0
8521 0
8522 0
8523 0
8524 0
8525 0
8526 0
8527 0
8528 0
8529 0
8530 0
8531 0
8532 0
8533 0
8534 0
8535 0
8536 0
8537 1
8538 0
8539 0
8540 0
8541 0
8542 0
8543 0
8544 0
8545 1
8546 0
8547 1
8548 1
8549 0
8550 0
8551 0
8552 1
8553 0
8554 0
8555 0
8556 0
8557 0
8558 0
8559 0
8560 0
8561 0
8562 0
8563 0
8564 1
8565 0
8566 0
8567 0
8568 0
8569 0
8570 0
8571 0
8572 0
8573 0
8574 0
8575 0
8576 0
8577 0
8578 0
8579 0
8580 0
8581 0
8582 0
8583 0
8584 0
8585 0
8586 1
8587 0
8588 0
8589 0
8590 0
8591 0
8592 0
8593 0
8594 0
8595 1
8596 0
8597 0
8598 0
8599 0
8600 0
8601 0
8602 0
8603 0
8604 0
8605 0
8606 0
8607 0
8608 0
8609 0
8610 0
8611 0
8612 0
8613 0
8614 0
8615 0
8616 0
8617 0
8618 0
8619 0
8620 0
8621 1
8622 0
8623 0
8624 0
8625 0
8626 0
8627 0
8628 0
8629 0
8630 0
8631 1
8632 0
8633 0
8634 0
8635 0
8636 0
8637 0
8638 1
8639 0
8640 0
8641 0
8642 0
8643 0
8644 0
8645 0
8646 0
8647 0
8648 0
8649 0
8650 0
8651 1
8652 1
8653 1
8654 0
8655 0
8656 0
8657 1
8658 0
8659 0
8660 0
8661 0
8662 0
8663 1
8664 0
8665 0
8666 0
8667 1
8668 0
8669 0
8670 1
8671 0
8672 0
8673 0
8674 0
8675 1
8676 0
8677 1
8678 0
8679 0
8680 0
8681 0
8682 0
8683 0
8684 0
8685 0
8686 0
8687 0
8688 0
8689 0
8690 1
8691 0
8692 0
8693 0
8694 0
8695 1
8696 0
8697 0
8698 0
8699 0
8700 1
8701 0
8702 0
8703 0
8704 0
8705 0
8706 0
8707 0
8708 0
8709 0
8710 0
8711 0
8712 0
8713 0
8714 0
8715 0
8716 1
8717 0
8718 0
8719 0
8720 0
8721 0
8722 0
8723 0
8724 0
8725 1
8726 0
8727 0
8728 0
8729 0
8730 0
8731 0
8732 0
8733 0
8734 0
8735 0
8736 0
8737 0
8738 0
8739 0
8740 0
8741 0
8742 0
8743 0
8744 0
8745 0
8746 0
8747 0
8748 0
8749 1
8750 0
8751 0
8752 0
8753 0
8754 0
8755 0
8756 0
8757 0
8758 1
8759 0
8760 0
8761 1
8762 0
8763 0
8764 0
8765 1
8766 0
8767 0
8768 0
8769 0
8770 0
8771 0
8772 0
8773 0
8774 0
8775 0
8776 0
8777 1
8778 0
8779 0
8780 0
8781 0
8782 0
8783 0
8784 0
8785 1
8786 0
8787 0
8788 0
8789 0
8790 0
8791 0
8792 0
8793 0
8794 0
8795 0
8796 0
8797 0
8798 0
8799 0
8800 0
8801 1
8802 0
8803 1
8804 1
8805 0
8806 0
8807 0
8808 0
8809 1
8810 1
8811 0
8812 0
8813 0
8814 0
8815 0
8816 0
8817 0
8818 0
8819 0
8820 0
8821 0
8822 0
8823 0
8824 0
8825 0
8826 0
8827 0
8828 0
8829 0
8830 1
8831 0
8832 1
8833 0
8834 0
8835 0
8836 0
8837 0
8838 1
8839 0
8840 0
8841 0
8842 0
8843 0
8844 0
8845 1
8846 0
8847 0
8848 0
8849 0
8850 0
8851 0
8852 0
8853 0
8854 0
8855 0
8856 0
8857 1
8858 0
8859 1
8860 0
8861 0
8862 0
8863 0
8864 0
8865 0
8866 0
8867 0
8868 0
8869 1
8870 0
8871 1
8872 0
8873 0
8874 0
8875 0
8876 0
8877 0
8878 0
8879 0
8880 0
8881 0
8882 1
8883 0
8884 0
8885 0
8886 0
8887 0
8888 0
8889 0
8890 0
8891 0
8892 0
8893 0
8894 1
8895 0
8896 0
8897 1
8898 0
8899 1
8900 0
8901 0
8902 1
8903 1
8904 0
8905 0
8906 0
8907 0
8908 0
8909 0
8910 0
8911 0
8912 0
8913 0
8914 0
8915 0
8916 0
8917 0
8918 0
8919 1
8920 0
8921 0
8922 0
8923 1
8924 2
8925 0
8926 0
8927 0
8928 0
8929 0
8930 0
8931 0
8932 0
8933 0
8934 0
8935 0
8936 0
8937 0
8938 0
8939 0
8940 0
8941 0
8942 0
8943 0
8944 0
8945 0
8946 1
8947 0
8948 0
8949 0
8950 0
8951 0
8952 0
8953 2
8954 1
8955 2
8956 0
8957 0
8958 0
8959 0
8960 0
8961 0
8962 0
8963 0
8964 0
8965 0
8966 0
8967 0
8968 0
8969 1
8970 0
8971 0
8972 0
8973 1
8974 0
8975 0
8976 1
8977 1
8978 0
8979 0
8980 0
8981 0
8982 0
8983 0
8984 1
8985 0
8986 0
8987 1
8988 0
8989 0
8990 0
8991 1
8992 0
8993 1
8994 0
8995 0
8996 0
8997 0
8998 0
8999 0
9000 0
9001 0
9002 1
9003 0
9004 0
9005 1
9006 0
9007 1
9008 0
9009 0
9010 0
9011 0
9012 0
9013 0
9014 0
9015 0
9016 0
9017 0
9018 0
9019 0
9020 0
9021 0
9022 0
9023 0
9024 0
9025 0
9026 0
9027 0
9028 0
9029 1
9030 0
9031 0
9032 0
9033 0
9034 1
9035 1
9036 0
9037 1
9038 0
9039 1
9040 0
9041 0
9042 0
9043 0
9044 0
9045 0
9046 0
9047 0
9048 0
9049 0
9050 1
9051 0
9052 0
9053 0
9054 0
9055 0
9056 0
9057 0
9058 2
9059 0
9060 0
9061 0
9062 1
9063 1
9064 0
9065 0
9066 0
9067 1
9068 0
9069 0
9070 0
9071 0
9072 0
9073 0
9074 0
9075 0
9076 1
9077 0
9078 0
9079 0
9080 1
9081 0
9082 0
9083 0
9084 0
9085 0
9086 0
9087 0
9088 1
9089 0
9090 0
9091 0
9092 0
9093 0
9094 0
9095 0
9096 2
9097 0
9098 0
9099 1
9100 0
9101 0
9102 0
9103 2
9104 0
9105 0
9106 1
9107 0
9108 0
9109 0
9110 0
9111 1
9112 0
9113 0
9114 0
9115 0
9116 0
9117 1
9118 0
9119 0
9120 0
9121 1
9122 0
9123 0
9124 0
9125 0
9126 0
9127 0
9128 0
9129 0
9130 0
9131 0
9132 0
9133 0
9134 1
9135 1
9136 0
9137 0
9138 1
9139 0
9140 0
9141 0
9142 1
9143 0
9144 0
9145 0
9146 0
9147 0
9148 1
9149 0
9150 0
9151 1
9152 0
9153 0
9154 0
9155 0
9156 0
9157 0
9158 2
9159 0
9160 0
9161 0
9162 0
9163 0
9164 0
9165 0
9166 0
9167 0
9168 0
9169 0
9170 0
9171 1
9172 1
9173 0
9174 0
9175 1
9176 0
9177 0
9178 1
9179 1
9180 0
9181 0
9182 1
9183 0
9184 1
9185 0
9186 0
9187 3
9188 0
9189 0
9190 0
9191 1
9192 0
9193 0
9194 0
9195 0
9196 0
9197 0
9198 0
9199 1
9200 0
9201 0
9202 0
9203 0
9204 0
9205 0
9206 0
9207 1
9208 0
9209 0
9210 0
9211 0
9212 1
9213 0
9214 0
9215 0
9216 0
9217 1
9218 0
9219 1
9220 0
9221 1
9222 0
9223 0
9224 0
9225 1
9226 0
9227 0
9228 0
9229 0
9230 0
9231 0
9232 0
9233 0
9234 0
9235 0
9236 0
9237 0
9238 0
9239 0
9240 0
9241 0
9242 0
9243 0
9244 2
9245 0
9246 0
9247 1
9248 0
9249 1
9250 0
9251 0
9252 0
9253 0
9254 0
9255 0
9256 0
9257 0
9258 0
9259 0
9260 0
9261 0
9262 0
9263 0
9264 0
9265 1
9266 1
9267 1
9268 1
9269 0
9270 0
9271 2
9272 0
9273 1
9274 0
9275 0
9276 0
9277 0
9278 0
9279 0
9280 0
9281 0
9282 1
9283 0
9284 0
9285 1
9286 0
9287 0
9288 0
9289 0
9290 1
9291 1
9292 0
9293 0
9294 0
9295 0
9296 0
9297 0
9298 0
9299 0
9300 0
9301 0
9302 0
9303 0
9304 0
9305 0
9306 0
9307 0
9308 0
9309 0
9310 0
9311 0
9312 1
9313 0
9314 0
9315 1
9316 0
9317 0
9318 0
9319 0
9320 0
9321 0
9322 0
9323 0
9324 1
9325 0
9326 2
9327 1
9328 1
9329 0
9330 0
9331 0
9332 0
9333 0
9334 0
9335 1
9336 0
9337 1
9338 2
9339 0
9340 0
9341 1
9342 0
9343 1
9344 1
9345 0
9346 0
9347 0
9348 0
9349 1
9350 0
9351 0
9352 0
9353 0
9354 0
9355 0
9356 0
9357 0
9358 0
9359 0
9360 0
9361 0
9362 0
9363 0
9364 1
9365 1
9366 0
9367 0
9368 0
9369 0
9370 0
9371 0
9372 1
9373 1
9374 0
9375 1
9376 0
9377 0
9378 0
9379 0
9380 1
9381 0
9382 0
9383 0
9384 0
9385 0
9386 0
9387 0
9388 0
9389 0
9390 2
9391 0
9392 0
9393 0
9394 0
9395 0
9396 0
9397 0
9398 0
9399 0
9400 1
9401 0
9402 0
9403 0
9404 1
9405 0
9406 0
9407 0
9408 0
9409 0
9410 0
9411 0
9412 0
9413 0
9414 1
9415 0
9416 1
9417 1
9418 0
9419 1
9420 0
9421 0
9422 0
9423 0
9424 0
9425 0
9426 0
9427 0
9428 0
9429 0
9430 0
9431 0
9432 0
9433 0
9434 1
9435 0
9436 0
9437 0
9438 0
9439 1
9440 0
9441 0
9442 1
9443 0
9444 1
9445 0
9446 0
9447 0
9448 0
9449 0
9450 0
9451 0
9452 1
9453 0
9454 0
9455 0
9456 1
9457 0
9458 0
9459 0
9460 0
9461 0
9462 2
9463 0
9464 0
9465 2
9466 0
9467 0
9468 0
9469 1
9470 0
9471 0
9472 0
9473 0
9474 0
9475 1
9476 0
9477 0
9478 0
9479 0
9480 0
9481 0
9482 0
9483 0
9484 1
9485 0
9486 0
9487 0
9488 0
9489 0
9490 0
9491 0
9492 0
9493 1
9494 1
9495 0
9496 0
9497 0
9498 0
9499 0
9500 1
9501 1
9502 0
9503 1
9504 0
9505 1
9506 0
9507 0
9508 0
9509 0
9510 0
9511 0
9512 0
9513 0
9514 0
9515 1
9516 1
9517 0
9518 0
9519 0
9520 1
9521 0
9522 0
9523 0
9524 0
9525 0
9526 0
9527 0
9528 0
9529 1
9530 0
9531 0
9532 0
9533 0
9534 0
9535 2
9536 0
9537 0
9538 1
9539 0
9540 0
9541 0
9542 0
9543 1
9544 0
9545 0
9546 0
9547 1
9548 1
9549 0
9550 0
9551 0
9552 1
9553 0
9554 0
9555 1
9556 0
9557 0
9558 0
9559 0
9560 0
9561 0
9562 0
9563 1
9564 0
9565 0
9566 0
9567 0
9568 0
9569 0
9570 1
9571 0
9572 0
9573 0
9574 1
9575 0
9576 0
9577 0
9578 0
9579 1
9580 0
9581 0
9582 0
9583 0
9584 0
9585 1
9586 0
9587 1
9588 0
9589 0
9590 0
9591 1
9592 0
9593 0
9594 2
9595 0
9596 0
9597 0
9598 0
9599 0
9600 1
9601 1
9602 0
9603 0
9604 1
9605 0
9606 1
9607 1
9608 0
9609 0
9610 0
9611 0
9612 0
9613 0
9614 0
9615 0
9616 0
9617 2
9618 0
9619 0
9620 0
9621 0
9622 0
9623 0
9624 0
9625 0
9626 1
9627 0
9628 0
9629 0
9630 0
9631 0
9632 0
9633 0
9634 1
9635 0
9636 0
9637 0
9638 0
9639 0
9640 1
9641 0
9642 0
9643 0
9644 0
9645 0
9646 1
9647 2
9648 0
9649 1
9650 1
9651 2
9652 0
9653 0
9654 0
9655 0
9656 0
9657 0
9658 0
9659 0
9660 0
9661 0
9662 0
9663 0
9664 0
9665 0
9666 0
9667 0
9668 0
9669 0
9670 0
9671 0
9672 0
9673 0
9674 0
9675 0
9676 0
9677 0
9678 0
9679 1
9680 1
9681 0
9682 0
9683 1
9684 0
9685 0
9686 0
9687 0
9688 0
9689 0
9690 0
9691 0
9692 1
9693 1
9694 0
9695 0
9696 1
9697 1
9698 0
9699 0
9700 0
9701 0
9702 0
9703 0
9704 0
9705 0
9706 1
9707 1
9708 0
9709 0
9710 0
9711 0
9712 1
9713 0
9714 1
9715 1
9716 1
9717 0
9718 0
9719 0
9720 0
9721 0
9722 1
9723 0
9724 0
9725 1
9726 0
9727 0
9728 0
9729 0
9730 0
9731 1
9732 0
9733 0
9734 0
9735 1
9736 0
9737 0
9738 0
9739 1
9740 0
9741 0
9742 0
9743 0
9744 0
9745 0
9746 0
9747 0
9748 0
9749 0
9750 0
9751 0
9752 0
9753 0
9754 0
9755 0
9756 0
9757 0
9758 0
9759 0
9760 0
9761 0
9762 0
9763 0
9764 0
9765 0
9766 0
9767 0
9768 2
9769 0
9770 0
9771 0
9772 0
9773 1
9774 0
9775 0
9776 0
9777 0
9778 0
9779 0
9780 0
9781 0
9782 0
9783 0
9784 0
9785 1
9786 0
9787 1
9788 0
9789 0
9790 0
9791 0
9792 0
9793 1
9794 0
9795 0
9796 0
9797 0
9798 0
9799 0
9800 0
9801 0
9802 0
9803 0
9804 0
9805 1
9806 1
9807 0
9808 0
9809 0
9810 0
9811 0
9812 0
9813 0
9814 0
9815 0
9816 0
9817 0
9818 0
9819 2
9820 0
9821 3
9822 0
9823 0
9824 1
9825 1
9826 0
9827 0
9828 0
9829 0
9830 0
9831 1
9832 0
9833 1
9834 1
9835 1
9836 0
9837 0
9838 0
9839 0
9840 1
9841 0
9842 0
9843 1
9844 2
9845 0
9846 0
9847 0
9848 0
9849 0
9850 0
9851 0
9852 0
9853 0
9854 0
9855 0
9856 1
9857 0
9858 0
9859 1
9860 0
9861 0
9862 0
9863 0
9864 0
9865 0
9866 1
9867 0
9868 0
9869 0
9870 1
9871 0
9872 1
9873 1
9874 0
9875 0
9876 0
9877 0
9878 0
9879 0
9880 0
9881 0
9882 0
9883 1
9884 0
9885 1
9886 0
9887 0
9888 0
9889 0
9890 0
9891 1
9892 0
9893 0
9894 0
9895 1
9896 0
9897 0
9898 0
9899 0
9900 0
9901 0
9902 0
9903 0
9904 0
9905 0
9906 1
9907 0
9908 0
9909 0
9910 0
9911 0
9912 0
9913 0
9914 0
9915 0
9916 1
9917 0
9918 0
9919 2
9920 0
9921 0
9922 2
9923 0
9924 0
9925 0
9926 0
9927 0
9928 0
9929 0
9930 0
9931 0
9932 0
9933 0
9934 0
9935 0
9936 0
9937 0
9938 0
9939 0
9940 0
9941 2
9942 1
9943 0
9944 1
9945 0
9946 0
9947 0
9948 1
9949 0
9950 0
9951 0
9952 1
9953 0
9954 0
9955 0
9956 0
9957 0
9958 0
9959 0
9960 1
9961 0
9962 0
9963 0
9964 0
9965 0
9966 1
9967 0
9968 0
9969 0
9970 0
9971 0
9972 0
9973 0
9974 1
9975 0
9976 0
9977 0
9978 0
9979 0
9980 1
9981 1
9982 0
9983 1
9984 0
9985 0
9986 0
9987 1
9988 0
9989 0
9990 2
9991 0
9992 0
9993 0
9994 0
9995 0
9996 0
9997 0
9998 0
9999 0
10000 0
10001 2830
