#Numbers of fragments larger than 250 bp
#Pattern	2L	2R	3L	3R	4	mt	X	Y	X/total
AACGTT	4439	4725	5244	5863	364	3	4220	801	0.164465
AAGCTT	6243	6984	7639	8228	486	5	5343	1202	0.147883
ACCGGT	1521	1825	1801	2330	101	3	1620	261	0.171211
ACCWGGT	1592	1899	1798	2249	67	1	1496	185	0.161085
ACGCGT	1974	2173	2258	2745	117	1	1903	342	0.165291
ACGT	27508	30307	32604	37864	1689	9	27033	4444	0.167431
ACRYGT	11793	12471	13698	16214	718	3	11406	1696	0.167738
ACTAGT	2364	2610	2771	3264	214	1	2270	343	0.164053
ACTGG	24363	26392	28397	33521	1086	9	23632	3294	0.167967
AGATCT	3899	4757	5048	5411	305	2	3915	668	0.163091
ASST	17211	17425	20156	22941	909	8	18649	2111	0.187597
ATCGAT	6362	7121	7809	8818	486	5	7447	1031	0.190563
ATGCAT	7706	7907	8525	10121	464	2	7649	869	0.176884
ATTAAT	12990	13130	15575	17255	929	26	11916	2098	0.161203
CAATTG	9254	9544	10790	12224	415	3	9306	1337	0.176007
CATATG	6160	6545	7142	8206	463	2	6773	797	0.18768
CATG	32169	34130	37748	43638	1761	20	31363	4523	0.169208
CCATGG	4275	4525	4809	5862	127	1	4507	391	0.183982
CCCAGC	9005	10194	10604	13235	254	3	9226	885	0.172752
CCCGGG	1641	1922	1898	2352	32	1	1587	146	0.165675
CCCWGGG	1371	1452	1500	1714	16	1	1253	84	0.169531
CCGC	29751	31244	35063	39613	1571	11	28670	4232	0.168493
CCGCGG	1716	2034	2034	2607	52	1	1899	223	0.179727
CCGG	23136	25695	27089	33336	946	5	22929	3092	0.168313
CCTAGG	1066	1345	1456	1564	47	1	1026	286	0.151082
CCTCAGC	2027	2251	2402	2750	73	2	1804	355	0.154664
CCTCGAGG	209	188	216	243	3	1	190	10	0.179245
CCTGCAGG	418	348	383	553	4	1	367	28	0.174596
CCTNAGC	5614	6499	6951	7933	270	3	5277	907	0.157739
CCWGG	20680	22825	24296	29085	742	6	19841	2616	0.165216
CCWWGG	12901	13962	14922	17690	428	2	12596	1516	0.170177
CGATCG	3175	3647	3907	4452	108	1	3826	333	0.19672
CGCGCGCG	62	114	92	170	11	1	169	4	0.271268
CGGWCCG	747	948	906	1337	40	1	773	146	0.15782
CGTCGACG	278	288	381	400	3	1	386	23	0.219318
CGWCG	16362	18733	19448	22928	754	3	17298	2403	0.176638
CRCCGGYG	949	1066	1024	1378	15	1	1248	102	0.215805
CTAG	22983	25824	28314	31824	1595	12	22580	4152	0.164477
CTCGAG	3390	3571	3982	4620	102	2	3337	448	0.17155
CTGCAG	7737	8352	8827	10735	236	2	7648	761	0.172649
CTNAG	29697	32233	35461	40203	1708	12	27803	4465	0.162039
CTTAAG	5370	5521	6149	6949	289	2	4795	743	0.160809
CTYRAG	14806	15714	17298	19818	683	8	13911	1977	0.165184
CYCGRG	8845	9685	10362	12209	253	2	8345	1035	0.164479
GAATGC	11640	12482	13467	15952	558	3	12022	1605	0.177502
GAATTC	6292	6824	7409	8414	310	5	6156	988	0.16913
GACGTC	2269	2659	2942	3272	110	1	2421	344	0.172707
GAGCTC	4449	4488	5053	5823	160	4	3960	435	0.162482
GANTC	30718	33592	36700	41988	1705	15	30192	4524	0.168262
GATC	27018	31134	33418	38048	1735	17	27584	4555	0.1687
GAWTC	24765	27213	29687	33748	1424	15	24679	3535	0.170123
GCATGC	4507	5199	5059	6601	203	1	4697	362	0.176387
GCGATCGC	243	338	354	354	6	1	373	17	0.221234
GCGC	25975	28855	30904	36607	1098	1	26551	3577	0.172894
GCGCGC	1802	2371	2259	2946	76	1	2397	303	0.197203
GCGGCCGC	212	279	262	328	6	1	333	39	0.228082
GCSGC	21458	23574	25378	30662	670	3	22327	2308	0.176666
GCTAGC	2433	3085	3084	3599	102	1	2744	449	0.177067
GCTCC	22312	24641	26063	30963	801	11	21461	2593	0.166564
GCWGC	28077	29796	32236	38352	1110	6	27563	3335	0.171759
GDGCHC	22608	24203	26232	31082	795	6	21870	2561	0.169067
GGATCC	3518	3953	4207	4937	136	1	3487	493	0.168194
GGCCGGCC	133	176	174	244	4	1	156	3	0.175084
GGCGCC	3478	3838	3856	4800	92	1	4134	310	0.20157
GGCGCGCC	100	129	150	179	5	1	152	14	0.208219
GGGCCC	1726	1958	2093	2532	41	1	1733	236	0.167926
GGTACC	1310	1769	1706	2090	111	1	1472	407	0.166028
GGTNACC	2616	2974	3258	3758	104	3	2894	372	0.181113
GGWCC	14504	16462	17223	20430	645	5	13879	2221	0.162577
GKGCMC	11940	13109	13969	16712	365	1	12175	1234	0.175167
GRCGYC	9947	11123	11598	13870	365	1	10813	1120	0.183779
GTAC	26588	29609	31929	36442	1719	8	27021	4271	0.171467
GTCGAC	2838	3086	3344	3946	141	1	2953	347	0.177293
GTGCAC	4680	5110	5519	6643	181	1	4826	486	0.175836
GTMKAC	9655	11281	12018	13390	763	4	9670	1550	0.165778
GTNAC	28435	31032	33726	38679	1815	13	28002	4228	0.168758
GTSAC	18841	20621	22359	25949	1011	2	18776	2804	0.170129
RAATTY	28640	29758	33791	37777	1760	18	26658	4311	0.163834
RCATGY	16232	17212	18704	22292	843	4	16085	1829	0.172584
RCCGGY	9207	10616	10889	13876	319	3	10017	1144	0.178648
RGCGCY	11633	13327	13678	16915	427	1	12556	1696	0.178776
RGGWCCY	4437	4751	5240	6391	173	3	3897	650	0.152572
TCATGA	3600	3808	4221	4880	180	4	3189	489	0.156546
TCCNGGA	3735	4217	4333	5008	149	2	3628	555	0.167753
TCGA	32658	35578	38781	44725	1820	21	32569	4839	0.170526
TCTAGA	2969	3595	3870	4005	277	5	2829	886	0.15345
TGATCA	4606	5343	5836	6209	423	7	4781	873	0.170276
TGTACA	5951	6656	7173	8321	500	2	6994	953	0.191354
TTAA	25610	28179	30418	35555	1061	1	26396	3502	0.17513
TTAATTAA	2855	2813	3285	3756	171	14	2403	335	0.153723
TTCGAA	7491	8022	8914	9998	387	3	7793	1038	0.17855
TTSAA	31980	34273	37959	43178	1863	29	31369	4676	0.169263
VCTCGAGB	2058	2149	2340	2806	51	2	1998	173	0.172584
WGTACW	15390	17064	18339	21210	1091	6	15778	2509	0.17265
