#Numbers of fragments larger than 300 bp
#Pattern	2L	2R	3L	3R	4	mt	X	Y	X/total
AACGTT	4380	4682	5190	5789	360	3	4171	791	0.164433
AAGCTT	6148	6889	7526	8104	477	5	5280	1190	0.148235
ACCGGT	1514	1821	1789	2312	101	3	1614	261	0.171429
ACCWGGT	1578	1889	1782	2225	67	1	1491	185	0.161749
ACGCGT	1963	2163	2249	2735	117	1	1892	340	0.165096
ACGT	24832	27124	29407	34148	1501	9	24548	3951	0.168692
ACRYGT	11439	12102	13335	15716	690	3	11092	1624	0.168058
ACTAGT	2353	2603	2752	3226	212	1	2260	337	0.164435
ACTGG	22337	24136	26152	30744	1026	8	21659	3027	0.167783
AGATCT	3845	4698	4990	5357	303	2	3871	667	0.163106
ASST	10588	10606	12442	14193	560	3	11808	1315	0.191953
ATCGAT	6243	7016	7678	8673	481	5	7292	1021	0.189851
ATGCAT	7546	7770	8392	9923	454	2	7505	861	0.176784
ATTAAT	12494	12673	15006	16598	882	15	11514	2000	0.161754
CAATTG	9012	9329	10533	11935	411	3	9021	1311	0.174978
CATATG	6040	6445	7013	8069	457	2	6647	774	0.187519
CATG	27574	29137	32370	37239	1516	15	26969	3814	0.170008
CCATGG	4226	4466	4757	5806	126	1	4367	389	0.180918
CCCAGC	8799	9927	10343	12864	252	3	8978	873	0.172524
CCCGGG	1634	1900	1872	2339	32	1	1581	146	0.166334
CCCWGGG	1362	1446	1495	1706	16	1	1248	84	0.169611
CCGC	24684	25526	29062	32480	1340	10	23557	3565	0.167995
CCGCGG	1709	2019	2023	2588	51	1	1886	222	0.179636
CCGG	21166	23288	24768	30257	881	5	20716	2757	0.167283
CCTAGG	1060	1340	1450	1560	47	1	1020	285	0.150821
CCTCAGC	2022	2243	2393	2732	73	2	1791	355	0.15425
CCTCGAGG	209	188	216	243	3	1	190	10	0.179245
CCTGCAGG	418	346	381	552	4	1	367	27	0.175095
CCTNAGC	5536	6408	6845	7826	267	3	5208	898	0.157861
CCWGG	19154	20938	22378	26753	699	6	18283	2447	0.165221
CCWWGG	12423	13369	14352	17013	418	2	12043	1459	0.169431
CGATCG	3133	3598	3867	4411	107	1	3780	332	0.196578
CGCGCGCG	62	114	92	170	11	1	169	4	0.271268
CGGWCCG	744	944	903	1332	39	1	772	146	0.158164
CGTCGACG	277	288	378	398	3	1	382	23	0.218286
CGWCG	15602	17720	18423	21760	721	3	16284	2291	0.175467
CRCCGGYG	949	1060	1014	1373	13	1	1227	102	0.2138
CTAG	21286	23802	26059	29406	1412	12	20989	3719	0.165679
CTCGAG	3359	3534	3949	4585	101	2	3306	446	0.171455
CTGCAG	7541	8115	8599	10501	232	2	7439	721	0.172399
CTNAG	26416	28566	31543	35740	1489	12	25055	3933	0.164022
CTTAAG	5295	5446	6053	6844	285	2	4700	725	0.160136
CTYRAG	14183	15060	16601	19061	664	7	13309	1909	0.164728
CYCGRG	8641	9426	10125	11909	249	2	8138	1015	0.164387
GAATGC	11320	12126	13106	15490	551	3	11652	1548	0.177093
GAATTC	6199	6702	7287	8292	303	5	6073	960	0.169537
GACGTC	2254	2642	2929	3253	109	1	2405	341	0.172599
GAGCTC	4325	4444	4990	5756	156	4	3928	429	0.163449
GANTC	26831	29232	32004	36755	1539	15	26545	4031	0.169128
GATC	23835	27017	29259	33234	1553	17	24100	3916	0.168613
GAWTC	22662	24918	27091	30977	1315	15	22510	3251	0.169581
GCATGC	4446	5111	4999	6515	202	1	4640	359	0.176607
GCGATCGC	242	338	354	354	6	1	372	17	0.220903
GCGC	23422	25766	27873	32691	1026	1	23580	3236	0.171373
GCGCGC	1789	2357	2244	2920	76	1	2368	276	0.196825
GCGGCCGC	211	279	262	326	6	1	332	39	0.228022
GCSGC	19850	21652	23419	28006	639	3	20383	2187	0.175505
GCTAGC	2396	3043	3040	3549	101	1	2709	446	0.177233
GCTCC	20407	22565	23928	28340	759	10	19558	2484	0.165674
GCWGC	24752	25947	28480	33492	1036	6	24151	3045	0.171394
GDGCHC	20890	22302	24356	28732	756	6	20192	2404	0.168776
GGATCC	3465	3909	4167	4879	133	1	3450	493	0.168317
GGCCGGCC	133	176	174	244	4	1	156	3	0.175084
GGCGCC	3445	3789	3810	4754	92	1	4055	310	0.200188
GGCGCGCC	100	129	150	179	5	1	152	14	0.208219
GGGCCC	1719	1944	2087	2514	40	1	1710	236	0.166813
GGTACC	1303	1764	1699	2068	111	1	1466	407	0.166232
GGTNACC	2595	2940	3237	3718	102	3	2859	371	0.180664
GGWCC	13938	15713	16425	19425	628	5	13299	2116	0.16308
GKGCMC	11560	12610	13486	16139	360	1	11711	1212	0.174585
GRCGYC	9692	10726	11237	13430	357	1	10443	1080	0.18332
GTAC	24130	26627	28822	32815	1510	7	24306	3780	0.171173
GTCGAC	2819	3067	3320	3918	141	1	2917	345	0.176488
GTGCAC	4627	5059	5431	6561	181	1	4766	483	0.175809
GTMKAC	9425	10986	11701	13063	730	4	9407	1520	0.165511
GTNAC	25555	27863	30348	34805	1584	13	25222	3818	0.169039
GTSAC	17747	19479	21126	24469	966	2	17741	2686	0.170233
RAATTY	25333	26528	29953	33578	1471	12	23751	3616	0.164661
RCATGY	15500	16363	17904	21181	803	4	15401	1780	0.173169
RCCGGY	8918	10301	10572	13419	311	3	9640	1111	0.177614
RGCGCY	11266	12798	13245	16312	410	1	12021	1645	0.177568
RGGWCCY	4381	4695	5161	6297	172	3	3864	647	0.153212
TCATGA	3573	3774	4184	4845	180	4	3165	483	0.156621
TCCNGGA	3692	4177	4288	4956	145	2	3590	555	0.167718
TCGA	27385	29845	32584	37450	1551	19	27196	4061	0.169878
TCTAGA	2954	3564	3839	3970	273	5	2780	850	0.152454
TGATCA	4538	5263	5735	6133	412	7	4730	857	0.170912
TGTACA	5840	6550	7063	8177	488	2	6834	942	0.190383
TTAA	19573	21777	23178	27270	674		20609	2562	0.178212
TTAATTAA	2826	2789	3260	3718	168	14	2383	334	0.153821
TTCGAA	7363	7890	8746	9795	380	3	7637	1010	0.178335
TTSAA	26906	29028	31796	36565	1498	21	26542	3779	0.169994
VCTCGAGB	2044	2135	2331	2788	51	2	1987	172	0.172632
WGTACW	14770	16359	17549	20230	1021	6	15035	2364	0.172155
