#Numbers of fragments larger than 500 bp
#Pattern	2L	2R	3L	3R	4	mt	X	Y	X/total
AACGTT	4209	4502	4955	5546	348	3	4020	776	0.165031
AAGCTT	5789	6488	7109	7682	448	3	5044	1142	0.149651
ACCGGT	1483	1780	1729	2259	98	3	1575	256	0.171513
ACCWGGT	1548	1823	1737	2189	67	1	1455	181	0.161649
ACGCGT	1934	2102	2208	2681	115	1	1853	338	0.164975
ACGT	16615	17732	19566	22629	980	8	16720	2434	0.172935
ACRYGT	10150	10772	11961	13892	604	3	9877	1471	0.168176
ACTAGT	2296	2548	2693	3110	202	1	2219	327	0.165646
ACTGG	16046	17086	18797	21909	812	7	15672	2284	0.16922
AGATCT	3698	4505	4772	5169	284	2	3702	644	0.16254
ASST	1615	1478	1898	2241	71	2	2050	245	0.213542
ATCGAT	5797	6542	7156	8057	430	5	6666	967	0.187142
ATGCAT	6954	7212	7778	9169	424	2	6937	837	0.176456
ATTAAT	10795	10921	12860	14366	719	4	9913	1612	0.162004
CAATTG	8196	8558	9621	10880	387	3	8186	1136	0.174293
CATATG	5710	6047	6571	7484	420	2	6150	745	0.185638
CATG	15167	16037	18108	20392	914	12	15202	2288	0.172515
CCATGG	4035	4243	4536	5544	120	1	4116	375	0.17919
CCCAGC	8003	8894	9311	11577	235	3	8058	823	0.171798
CCCGGG	1609	1854	1836	2299	32	1	1560	144	0.167113
CCCWGGG	1346	1427	1471	1680	16	1	1231	84	0.169653
CCGC	12030	12171	14459	15428	876	10	11237	1928	0.164913
CCGCGG	1684	1978	1974	2519	50	1	1850	221	0.180014
CCGG	15391	16361	17970	21277	738	5	14633	1949	0.165674
CCTAGG	1055	1322	1436	1541	46	1	1002	285	0.149821
CCTCAGC	1980	2187	2329	2669	70	2	1753	343	0.154681
CCTCGAGG	207	186	216	243	3	1	189	10	0.179147
CCTGCAGG	416	343	377	550	4	1	365	27	0.175228
CCTNAGC	5251	6004	6436	7390	251	3	4931	851	0.158466
CCWGG	14395	15384	16869	20031	583	6	13639	1784	0.164939
CCWWGG	10704	11522	12488	14692	377	2	10412	1327	0.169235
CGATCG	3003	3435	3716	4210	106	1	3590	320	0.19531
CGCGCGCG	62	113	92	170	11	1	169	4	0.271704
CGGWCCG	743	938	900	1310	38	1	766	146	0.158199
CGTCGACG	275	286	378	396	3	1	377	23	0.216791
CGWCG	12917	14102	15098	17830	612	3	13100	1827	0.173535
CRCCGGYG	937	1043	991	1350	12	1	1197	101	0.212536
CTAG	15808	17147	18909	21641	924	10	15640	2436	0.169054
CTCGAG	3248	3422	3833	4440	101	2	3205	445	0.171427
CTGCAG	6890	7329	7856	9615	217	2	6675	628	0.170229
CTNAG	16795	17903	19571	22482	969	11	16671	2382	0.17225
CTTAAG	5012	5185	5767	6510	269	2	4477	706	0.160305
CTYRAG	12063	12872	14224	16385	589	7	11449	1680	0.165283
CYCGRG	7912	8589	9225	10852	232	2	7415	941	0.164165
GAATGC	9997	10773	11650	13733	493	3	10191	1372	0.175067
GAATTC	5821	6300	6822	7789	284	5	5514	879	0.165021
GACGTC	2198	2563	2854	3181	105	1	2337	329	0.172244
GAGCTC	4119	4274	4725	5503	154	4	3682	416	0.160948
GANTC	15635	16623	18588	21287	929	10	15633	2222	0.171929
GATC	14782	15814	17757	20434	954	12	14653	2227	0.169139
GAWTC	16282	17485	19378	22111	968	10	15953	2343	0.168761
GCATGC	4249	4871	4827	6203	192	1	4408	354	0.175583
GCGATCGC	241	336	352	353	6	1	367	17	0.219366
GCGC	15881	16710	18816	21370	811	1	15323	2240	0.168104
GCGCGC	1748	2275	2187	2847	69	1	2288	262	0.195941
GCGGCCGC	211	279	261	325	5	1	327	39	0.225829
GCSGC	14890	15709	17451	20421	551	3	14623	1674	0.171386
GCTAGC	2316	2945	2936	3431	99	1	2625	420	0.177689
GCTCC	14850	16217	17577	20516	619	8	14192	1933	0.165192
GCWGC	15417	15800	17990	20033	781	6	14748	2023	0.169912
GDGCHC	15527	16442	18176	21247	648	6	14981	1911	0.168443
GGATCC	3314	3748	4003	4690	129	1	3319	479	0.168623
GGCCGGCC	133	175	174	244	4	1	156	3	0.175281
GGCGCC	3280	3624	3657	4543	91	1	3833	300	0.198303
GGCGCGCC	100	128	150	179	5	1	152	14	0.208505
GGGCCC	1685	1913	2048	2454	40	1	1683	231	0.167379
GGTACC	1283	1733	1660	1988	109	1	1278	397	0.151261
GGTNACC	2517	2856	3139	3609	99	3	2764	354	0.180171
GGWCC	11713	13069	13723	16219	549	5	11167	1766	0.163713
GKGCMC	10147	11061	11841	14132	347	1	10208	1059	0.173617
GRCGYC	8687	9530	10100	11966	327	1	9116	974	0.179799
GTAC	16466	17581	19383	22126	919	6	16268	2434	0.170913
GTCGAC	2754	2994	3260	3830	136	1	2840	339	0.175808
GTGCAC	4405	4857	5184	6263	178	1	4535	474	0.175117
GTMKAC	8503	9798	10490	11816	629	4	8537	1352	0.16697
GTNAC	16639	17763	19775	22700	920	12	16510	2375	0.170745
GTSAC	14079	15591	16924	19576	791	2	14085	2111	0.169374
RAATTY	15409	16469	18129	21112	775	5	15278	1878	0.171557
RCATGY	12845	13700	15033	17564	680	4	12733	1599	0.171701
RCCGGY	8057	9166	9458	11970	300	3	8431	1031	0.174137
RGCGCY	9866	11108	11557	14171	381	1	10217	1477	0.173824
RGGWCCY	4171	4486	4883	5941	163	3	3676	611	0.153589
TCATGA	3437	3668	4054	4684	175	4	3085	468	0.157599
TCCNGGA	3506	3966	4066	4748	141	2	3430	519	0.168319
TCGA	13935	14838	16658	18972	833	9	13502	2069	0.167071
TCTAGA	2840	3412	3697	3841	259	4	2704	793	0.154074
TGATCA	4305	4989	5441	5831	388	5	4452	804	0.169826
TGTACA	5494	6120	6632	7659	440	2	6295	893	0.187714
TTAA	7369	8577	8687	10407	170	0	8370	1049	0.187546
TTAATTAA	2726	2707	3155	3616	165	9	2316	320	0.154256
TTCGAA	6835	7280	8069	9014	357	3	7010	901	0.177608
TTSAA	13682	15121	16312	19119	681	6	14013	1846	0.173471
VCTCGAGB	1992	2097	2302	2734	51	2	1948	172	0.17242
WGTACW	12408	13555	14777	16964	812	5	12406	1977	0.170169
