#Numbers of fragments larger than 1000 bp
#Pattern	2L	2R	3L	3R	4	mt	X	Y	X/total
AACGTT	3792	4081	4485	5025	297	3	3637	689	0.165251
AAGCTT	5005	5562	6095	6646	366	3	4443	948	0.152848
ACCGGT	1422	1707	1667	2166	97	3	1486	241	0.169075
ACCWGGT	1497	1727	1676	2100	64	1	1400	175	0.162037
ACGCGT	1861	1999	2108	2565	113	1	1782	327	0.165675
ACGT	6484	6777	7653	8573	309	6	6456	763	0.174388
ACRYGT	7481	7987	8858	10172	423	3	7299	1105	0.168459
ACTAGT	2187	2378	2550	2898	176	1	2092	307	0.166177
ACTGG	7296	7794	8733	9827	462	7	7427	1120	0.174073
AGATCT	3368	4034	4292	4668	252	1	3312	578	0.161522
ASST	18	14	32	98	4	1	48	53	0.179104
ATCGAT	4921	5584	5998	6784	340	5	5504	813	0.183779
ATGCAT	5755	5996	6561	7601	347	2	5740	752	0.175246
ATTAAT	7609	7830	9071	10272	458	1	7147	1062	0.164488
CAATTG	6579	6860	7637	8712	328	3	6537	937	0.173889
CATATG	4893	5227	5668	6458	338	2	5176	644	0.182215
CATG	3604	3948	4642	4945	269	6	4061	785	0.182435
CCATGG	3610	3818	4078	4976	113	1	3633	364	0.176419
CCCAGC	6316	6858	7391	8952	212	3	6258	679	0.170662
CCCGGG	1556	1773	1773	2230	31	1	1511	142	0.167572
CCCWGGG	1293	1375	1410	1631	16	1	1182	81	0.169123
CCGC	2178	2308	2827	2770	311	5	2146	663	0.162477
CCGCGG	1605	1877	1903	2393	49	1	1757	197	0.179616
CCGG	7217	7309	8646	9271	429	5	6914	1059	0.169253
CCTAGG	1033	1271	1369	1484	46	1	981	268	0.152022
CCTCAGC	1893	2075	2210	2532	67	2	1669	320	0.154996
CCTCGAGG	206	186	213	241	3	1	188	10	0.179389
CCTGCAGG	408	340	370	539	3	1	362	27	0.176585
CCTNAGC	4571	5193	5626	6434	220	3	4334	747	0.159761
CCWGG	7722	8024	9027	10277	408	4	7508	1133	0.170238
CCWWGG	7623	8137	8869	10406	306	2	7467	1069	0.170173
CGATCG	2717	3105	3359	3828	103	1	3205	297	0.192898
CGCGCGCG	62	110	92	168	10	1	169	4	0.274351
CGGWCCG	727	921	881	1252	38	1	747	128	0.159105
CGTCGACG	274	285	377	391	3	1	376	23	0.217341
CGWCG	8106	8584	9516	11030	424	3	7940	1106	0.169989
CRCCGGYG	906	1006	960	1306	12	1	1145	92	0.210943
CTAG	7779	7886	8990	10436	350	8	7849	856	0.177764
CTCGAG	3003	3146	3530	4063	96	2	2957	419	0.171759
CTGCAG	5582	5967	6488	7773	189	2	5375	533	0.168448
CTNAG	5458	5531	6258	7367	285	8	6067	794	0.190978
CTTAAG	4439	4613	5113	5778	236	2	3985	637	0.160666
CTYRAG	8307	8727	9661	11135	431	5	7881	1213	0.166406
CYCGRG	6285	6799	7327	8624	203	2	5952	769	0.165513
GAATGC	7470	8034	8750	10238	383	3	7524	1102	0.17295
GAATTC	5027	5383	5870	6749	248	4	4773	725	0.16585
GACGTC	2061	2403	2710	2997	101	1	2201	302	0.172276
GAGCTC	3718	3822	4241	4978	145	4	3302	382	0.160354
GANTC	4440	4360	5147	5866	275	5	4642	701	0.182497
GATC	5507	5272	6083	7171	265	6	5209	654	0.172672
GAWTC	7297	7625	8632	9869	411	5	7255	1142	0.171773
GCATGC	3843	4368	4373	5527	176	1	3956	316	0.175355
GCGATCGC	235	327	349	349	6	1	363	17	0.220401
GCGC	6316	6369	7650	8049	452	1	5805	980	0.162961
GCGCGC	1679	2141	2061	2676	62	1	2118	257	0.192633
GCGGCCGC	210	275	259	321	5	1	324	39	0.225941
GCSGC	7525	7681	8807	9593	400	2	7003	1024	0.166599
GCTAGC	2186	2731	2769	3224	95	1	2446	387	0.176747
GCTCC	7428	7663	8675	9902	428	4	7232	1105	0.170417
GCWGC	5115	5253	6274	6422	447	4	5003	1099	0.168923
GDGCHC	7724	8078	9202	10255	440	5	7544	1139	0.16996
GGATCC	3020	3420	3662	4278	124	1	2988	452	0.166509
GGCCGGCC	133	166	173	241	4	1	156	3	0.177879
GGCGCC	2985	3289	3339	4152	84	1	3373	290	0.1926
GGCGCGCC	100	127	149	179	5	1	152	14	0.209078
GGGCCC	1599	1842	1954	2358	40	1	1636	223	0.169481
GGTACC	1244	1657	1598	1852	103	1	1234	386	0.152817
GGTNACC	2343	2673	2919	3365	96	3	2554	342	0.178664
GGWCC	7868	8525	9159	10790	383	5	7567	1079	0.166762
GKGCMC	7438	8098	8693	10310	287	1	7387	864	0.17148
GRCGYC	6712	7262	7858	9128	271	1	6748	756	0.174205
GTAC	6592	6629	7737	8729	281	6	6370	822	0.171393
GTCGAC	2537	2776	3026	3557	130	1	2639	316	0.176145
GTGCAC	3963	4350	4678	5591	165	1	4067	448	0.174827
GTMKAC	6668	7614	8128	9272	429	4	6697	1021	0.168127
GTNAC	6041	6268	7127	8301	241	8	6034	862	0.172983
GTSAC	8297	9057	10007	11532	488	2	8295	1301	0.169358
RAATTY	5031	5925	6016	7478	182		5755	580	0.185843
RCATGY	8234	8842	9699	11179	445	4	8276	1200	0.172852
RCCGGY	6407	7105	7511	9153	248	3	6353	823	0.168949
RGCGCY	7238	7943	8400	10185	315	1	7251	1094	0.170905
RGGWCCY	3750	3990	4347	5231	149	3	3317	524	0.155647
TCATGA	3164	3388	3726	4281	161	4	2871	419	0.159376
TCCNGGA	3124	3523	3676	4232	130	2	3047	447	0.167593
TCGA	2693	2712	3317	3710	165	4	2583	418	0.165556
TCTAGA	2652	3147	3420	3587	232	3	2532	681	0.155777
TGATCA	3762	4331	4750	5106	317	5	3936	692	0.171885
TGTACA	4786	5261	5745	6512	347	2	5298	736	0.184683
TTAA	912	1154	1078	1382	18		1443	151	0.235093
TTAATTAA	2507	2506	2952	3370	154	5	2182	305	0.156069
TTCGAA	5705	6124	6751	7517	301	3	5844	770	0.17701
TTSAA	2624	3225	3254	4078	95	1	3208	361	0.190431
VCTCGAGB	1893	1999	2204	2592	49	2	1853	163	0.172292
WGTACW	8195	8927	9758	10977	452	5	8136	1258	0.170537
