116
362
2454
37
27
534
347
880
286
12
242
708
228
1076
1828
165
85
1053
1509
14
146
1971
749
717
575
257
895
509
8
1339
611
278
679
1154
1291
320
221
48
301
1991
17
313
598
227
123
63
420
141
517
507
241
156
211
57
2116
71
125
254
1
791
652
1091
249
364
528
177
1767
329
130
24
899
314
164
118
210
304
727
488
1860
344
447
375
2
99
14
386
87
262
794
179
218
829
673
764
97
1295
1313
249
407
832
241
1471
167
883
846
123
275
145
38
824
496
253
176
485
341
327
1266
923
55
459
356
357
198
311
950
63
18
50
167
458
1174
518
506
321
739
1398
469
62
1193
873
277
111
370
903
58
197
310
1132
477
237
600
34
46
954
9
449
522
516
56
439
35
98
242
33
333
183
614
798
3114
1645
753
185
1239
764
584
483
124
79
63
67
127
269
470
602
1421
152
356
1013
707
1343
1203
361
93
739
150
284
101
462
618
30
1939
1531
527
216
282
291
29
157
789
846
245
922
741
152
509
2341
862
1031
203
42
1385
58
271
362
1276
3084
81
469
996
795
950
284
752
635
103
2102
1081
283
1147
2683
494
50
1987
158
434
771
1205
632
112
132
512
661
119
1161
2725
1555
673
152
169
40
617
501
233
276
918
522
342
580
399
1675
316
1242
252
321
892
740
503
743
1798
4736
181
184
906
91
3826
269
317
1441
469
340
1147
558
215
368
898
809
751
1447
983
376
1379
867
345
400
247
1068
392
375
219
342
408
773
558
91
424
27
416
1894
546
802
1194
246
587
274
38
139
72
445
136
1311
1082
255
1231
117
161
858
855
709
409
2781
881
233
189
111
766
263
1323
16
8
503
753
2207
589
1520
760
1536
210
2079
166
734
173
33
196
147
744
239
97
5
122
40
61
667
265
1236
835
216
469
1296
246
1211
707
398
121
339
711
289
165
1040
43
284
298
890
42
128
284
972
778
1652
1888
776
1747
656
367
476
655
869
43
52
343
111
396
710
610
895
1373
257
269
382
1664
112
978
439
962
524
402
52
111
1367
238
452
989
252
468
79
63
1334
346
273
347
221
919
52
471
947
1055
655
7
89
1186
323
1269
45
1009
1225
140
376
751
41
582
1677
429
389
429
1277
200
66
133
146
562
359
912
355
1130
596
92
178
1484
3085
57
934
108
105
73
22
790
208
1881
34
1852
927
738
26
301
296
300
350
44
456
1017
496
641
960
123
413
1189
157
39
193
724
183
142
120
299
68
2574
32
137
64
339
440
988
184
99
698
916
328
12
843
773
902
374
135
676
741
2015
370
771
644
930
399
757
136
1396
10
799
1082
803
261
166
340
464
74
438
1378
464
56
93
61
520
454
1976
213
80
174
184
189
370
752
947
74
208
146
287
1402
1388
140
36
29
292
1070
372
1326
833
163
80
467
108
3
1256
183
1128
353
421
1368
298
2
1314
926
132
520
1191
1553
900
3
77
285
86
383
398
163
206
1526
355
117
936
408
2137
223
923
275
1212
1957
794
347
456
605
1312
459
535
1
397
236
1036
1106
933
163
401
1512
554
143
463
1230
1106
404
1074
326
420
62
1666
1008
172
427
45
639
206
447
106
204
768
1135
820
39
1644
1210
1451
2995
928
670
269
372
162
475
1000
231
805
435
462
92
445
568
154
250
285
302
201
232
38
120
938
592
620
428
642
600
42
395
1409
1377
318
549
8
18
1669
338
727
227
63
17
279
411
1594
136
417
755
64
394
1271
1043
1312
339
70
172
554
261
113
260
539
2400
1125
71
171
569
637
179
393
194
402
2550
292
520
281
663
454
266
1167
1882
638
106
29
140
2063
113
1586
1244
452
124
549
310
915
1500
203
