1076
116
1809
17
169
723
1502
347
880
286
1123
228
592
163
1828
557
1053
1509
14
171
1495
1142
1410
915
1364
518
257
895
509
384
199
8
72
611
278
405
961
409
17
313
791
227
123
104
374
425
26
517
507
123
436
1580
154
82
470
71
677
254
36
508
329
130
24
554
708
348
304
444
586
1248
949
1860
1993
344
447
964
375
162
85
626
2
99
1137
44
77
233
225
1654
150
218
829
2014
912
249
832
289
137
761
2473
145
327
2134
761
90
447
391
176
907
306
356
528
357
198
96
28
277
336
206
1534
739
128
1849
469
873
102
111
1740
508
639
197
201
858
231
386
328
203
726
351
954
9
449
522
516
56
439
242
365
627
37
969
331
2367
611
780
29
170
764
127
446
431
77
350
251
67
127
269
470
602
266
508
45
3021
356
1013
292
559
642
270
739
150
105
548
1531
527
1092
507
282
789
62
711
245
1196
78
152
203
267
230
636
208
1385
831
271
362
1276
3363
996
3194
262
752
635
534
1328
438
394
241
632
661
953
1347
1555
673
152
40
388
700
233
276
23
863
580
399
120
195
321
611
433
4736
181
413
3705
269
1333
698
872
753
244
493
368
1281
2697
220
53
230
1038
376
1379
867
148
247
622
392
375
63
342
2
558
1313
594
585
416
58
1366
872
1194
246
632
2093
1316
498
154
466
321
117
1064
783
530
821
48
110
2020
881
233
1323
8
239
753
1899
589
166
1942
196
1260
462
24
122
46
61
667
265
835
469
1296
1354
707
398
121
98
711
123
857
1237
246
298
2155
76
778
716
822
1854
595
653
284
196
776
1747
1410
667
84
152
328
869
43
52
710
615
1019
1664
385
677
273
112
978
390
439
1623
524
46
969
1015
238
333
96
242
252
79
137
1334
191
346
212
273
90
919
14
702
655
7
89
1144
323
1269
45
1009
566
591
65
393
751
114
2520
429
389
221
448
987
251
186
66
208
959
234
1130
596
1484
2462
603
57
88
166
105
73
49
737
208
1174
747
82
738
301
255
360
496
960
123
413
1189
193
724
372
142
299
176
68
2574
32
339
600
101
653
1115
698
916
839
843
773
409
173
1206
134
598
897
81
700
1327
644
930
520
415
1776
547
1082
702
803
261
166
47
340
339
464
56
93
14
454
140
227
174
921
443
74
352
1402
1388
1240
303
457
608
577
958
31
733
579
833
163
80
467
108
3
459
402
214
421
162
1200
408
677
217
564
132
183
191
1191
489
86
108
527
299
122
163
206
117
408
64
1060
212
447
1212
288
754
1439
347
1634
252
605
1312
286
140
459
113
449
535
634
309
165
294
1036
1106
933
161
1528
52
1230
404
1074
326
50
62
1666
191
41
14
196
427
835
3100
772
204
689
1135
22
1898
90
656
2995
445
703
231
805
435
462
2083
210
1532
73
92
1672
250
285
337
1238
448
565
1998
1284
268
622
601
153
1014
200
318
299
18
192
217
744
63
1477
279
227
543
646
336
1039
51
104
1587
172
554
11
130
1125
71
379
339
759
474
392
369
225
305
2550
1823
292
520
38
663
454
211
712
38
314
117
583
274
1167
1246
2597
1882
106
500
248
1586
1244
452
416
1608
73
117
