1310
476
1977
10000
2878
1298
685
141
592
2342
2750
299
222
3084
3696
3886
4022
5253
29
102
6199
664
7778
802
927
202
7937
1587
567
3032
3097
7083
8860
921
1952
1175
4032
430
6658
617
1371
82
2880
2661
3423
3635
2772
892
3431
552
5156
1638
3023
334
774
1297
2308
103
916
311
2101
313
1886
135
1496
1273
279
7227
1238
3275
3048
370
3397
504
469
286
1288
28
2994
3185
1057
2817
976
888
1951
591
1333
417
367
3389
3305
1846
149
6741
677
711
449
2636
5735
5848
1026
791
7422
653
2120
1479
1058
2188
1189
1859
1781
175
708
4908
150
750
195
1663
543
1024
1646
469
1789
1650
1805
6933
1493
351
1700
397
1380
1191
5413
3705
6181
423
5646
1142
5372
418
6
3033
3584
2143
3218
1641
3122
5638
5874
712
520
287
3470
864
1678
620
367
3989
1352
237
189
75
4999
1660
597
2839
2812
235
3112
444
1736
1422
153
3048
98
421
445
1071
832
1161
1537
1009
1257
2299
3257
1307
2062
1020
1750
1596
642
1087
4545
252
4087
2923
1106
581
4207
2007
2496
355
3339
3018
824
4046
3725
1689
5084
935
1147
2316
676
83
1403
3104
1569
266
547
284
1851
609
1781
2190
6614
4135
2279
1709
836
2079
5856
2426
1582
789
85
1845
3498
3429
1302
601
903
5408
293
3576
737
396
3501
477
1003
1842
8927
2269
671
1693
1070
1031
1127
1551
5070
1566
1524
1841
4188
2066
2196
2689
280
121
533
1787
781
779
3680
5444
71
116
7461
1858
2374
9
2402
5733
1879
3755
1151
3500
6558
199
317
2
5854
1004
351
1323
1488
553
2081
1322
497
368
676
52
1166
482
67
535
3248
669
2572
1577
835
4074
2168
836
499
480
751
2716
1117
9172
1430
1419
968
1113
815
2654
1022
23
4697
1544
4214
99
97
33
780
2768
4
3534
309
486
2778
5537
4060
1811
8974
813
2756
2467
1137
4872
663
4257
1562
1911
4571
2408
3074
5960
917
1310
583
658
639
556
1406
3461
4276
691
1577
4184
3966
1289
3554
1377
343
402
4825
1496
469
2413
178
999
2054
3613
473
1219
510
996
2970
6063
1876
5965
7937
1531
1582
4523
1005
3396
180
73
7396
2997
1403
3027
2075
721
4179
1570
2377
2354
698
4304
479
5449
4771
10000
674
368
3805
3831
860
477
1139
1532
1956
216
1609
3859
1001
2573
1607
657
163
1016
1768
2637
1748
3766
2311
2055
874
3269
2535
479
2432
51
2191
1339
3894
377
97
8026
105
732
2129
4618
377
1736
4842
2017
5496
402
5459
3134
572
1782
217
1646
2197
764
14
368
1178
4250
75
1572
854
5851
556
2949
242
1712
2710
4198
1132
3801
67
1131
3186
4342
777
114
345
684
3391
1061
2532
2524
1377
3221
4711
358
45
724
1980
4623
2307
1204
889
358
531
6360
973
604
1181
6337
2394
316
1332
872
2777
9210
72
2413
3774
498
3063
1990
951
2426
2308
221
2755
436
319
7019
6160
2056
475
554
448
4687
2125
1050
48
2564
1352
4972
5240
2002
660
3106
1602
817
28
2311
669
1400
1187
9596
6276
107
212
35
2821
804
3675
1379
1029
402
544
9650
588
1137
2585
661
2394
4640
1905
1991
3732
298
579
15
265
5420
4003
223
1960
1793
5368
730
3915
1969
2108
2377
1958
705
2947
265
2944
5415
1066
1327
1260
2840
985
6
1734
3204
3135
1717
2569
3076
3973
890
42
327
5278
1713
1773
4430
1652
2093
407
561
3839
5231
7268
1919
670
2468
4025
1529
193
2695
1102
522
2165
134
351
2049
1506
2
2308
790
1142
1691
5112
4568
2020
188
4553
2209
1301
830
677
2648
845
3714
226
1790
8936
3035
142
273
4293
4983
7791
2204
4069
219
3471
2034
450
1896
3005
1822
129
7323
2972
138
3247
4134
219
352
6063
1831
1440
1468
333
1961
500
1075
952
1109
40
5113
4276
356
243
4796
768
5146
41
2178
404
2205
5474
1088
4814
1181
4013
1335
4275
406
607
603
1908
323
1269
428
3835
200
706
4877
1231
112
1885
1101
2329
477
2196
691
3187
5233
4312
1588
2166
2845
215
629
3076
927
2306
645
3037
6074
112
1573
1022
1603
300
251
4950
3823
1423
1444
7740
215
1515
2082
1245
1999
1247
101
3646
7326
227
2460
2192
103
2172
1272
304
1017
4890
90
349
3177
2341
718
726
3478
569
67
504
2948
312
1479
541
238
46
3229
26
2934
5034
4801
2883
2059
2345
1653
1002
6679
1365
1793
1461
1210
128
458
39
4342
3869
482
503
2069
359
3131
1391
216
2233
506
418
1561
4227
2191
2500
1239
1649
1470
526
145
4088
984
2351
3753
6515
99
5227
1169
1392
3384
895
273
1387
199
1119
742
5720
1362
77
3577
2701
437
842
2685
10000
2789
3247
695
1293
2495
6490
1356
2621
678
1561
1490
979
2546
795
1121
1535
3235
1966
3793
399
337
1660
1
3619
4102
3303
138
614
302
379
665
827
2049
461
2158
5363
808
620
2235
2172
2323
4358
750
1362
3351
6573
4740
1766
2444
194
677
21
1691
652
971
189
845
2727
5338
573
5177
1386
157
718
3070
4849
2875
1292
254
234
120
2294
2222
4365
2499
958
1130
1727
733
2443
5685
1785
334
176
1347
261
1402
2372
3258
3139
2216
607
10000
1617
2870
527
5089
237
2636
36
748
2007
1417
1797
4666
1963
163
3249
2617
1617
2744
1865
4267
2143
1480
3060
1896
3997
748
387
2147
5694
212
1662
4946
641
165
5068
3408
6749
1091
721
1087
4662
2894
933
6306
88
1512
3066
650
1039
308
501
4540
5119
653
1612
2324
478
1415
3354
2496
10000
220
6852
1022
9710
7889
1720
7200
2226
2172
4357
1976
5426
964
3298
546
3122
1567
333
3452
377
1388
1245
3286
1532
429
954
261
1803
1
62
488
549
1235
2600
623
2429
5558
4775
495
1453
375
852
502
5695
1552
465
568
456
2153
1537
681
5187
978
1506
2388
2028
991
1214
186
158
4319
1302
4525
854
108
272
856
2822
1708
3654
514
2294
502
3088
523
5367
3153
6402
3076
1869
549
1655
127
357
2444
518
680
1627
1104
3138
731
989
3026
746
1435
1522
935
929
1923
37
121
785
134
27
8485
3774
4774
2243
2809
3070
1463
441
726
1594
4210
1464
556
901
1538
5388
724
2473
6897
538
3880
1238
2807
3311
1412
1693
5238
376
2011
979
8936
8066
851
1546
5436
3739
176
3073
296
956
643
107
3016
993
2371
2817
2038
179
1355
4269
551
821
5204
2836
1637
616
685
2401
4498
5480
603
314
117
1328
2864
474
292
1427
1976
3008
5085
1358
1155
516
4223
117
448
2006
6480
2567
2548
1435
3428
5834
1971
5758
915
1500
1891
2470
4571
