1310
158
347
24
268
769
208
257
509
707
72
236
1456
577
193
227
123
12
144
399
507
891
18
81
57
470
71
677
46
232
301
88
364
376
329
130
24
163
708
789
1306
994
191
895
128
85
2
14
223
86
130
232
1287
2360
1116
1128
90
447
907
578
66
528
198
28
277
515
844
26
873
508
656
730
57
242
751
1008
242
627
37
969
1058
378
21
717
39
561
446
88
224
1421
226
55
1092
507
291
29
15
971
78
1031
203
348
803
1
230
886
831
271
101
844
1081
952
494
50
1931
158
434
1149
240
266
152
62
342
399
1352
120
113
252
1101
10
237
163
312
340
1037
29
537
462
152
510
68
96
132
1038
1355
821
406
473
91
424
1472
1254
802
41
72
755
3
409
1231
117
179
277
48
1026
16
8
753
1790
7
1168
25
166
329
1353
122
61
667
835
813
241
123
857
284
298
42
128
1454
718
200
86
776
682
84
807
256
111
161
405
1017
301
390
937
333
984
402
1334
210
221
14
323
217
376
393
552
397
1589
448
251
200
562
359
959
234
136
431
51
26
350
44
157
129
839
321
655
81
421
547
574
702
47
340
943
7
93
61
520
140
370
1070
432
60
612
31
402
467
3
459
214
421
162
132
121
6
405
1526
355
1060
709
1089
1212
288
692
146
173
286
140
434
595
2002
547
656
161
332
274
196
75
161
22
371
479
1533
143
315
532
323
2083
210
1532
134
372
46
38
235
394
67
42
395
1299
73
501
153
227
1065
939
113
40
215
339
378
182
7
257
351
431
1386
454
38
18
1246
890
83
123
395
452
114
60
915
1500
203
