1310
116
921
424
2878
728
534
52
714
141
592
2359
142
1132
184
4181
251
281
3886
286
1456
1862
3914
228
4793
525
802
42
2356
1482
348
423
567
302
2389
1450
904
8747
1323
511
217
871
2311
904
430
4299
60
43
82
3546
1131
3891
1727
623
1154
1834
2922
1638
3241
686
334
737
1297
81
3185
5271
313
277
1139
17
279
1007
63
475
129
119
2516
6034
1608
249
899
2765
1672
345
1947
357
1125
1619
2919
1367
1846
47
2116
2229
96
140
677
959
959
263
3846
1328
1240
177
791
1024
4600
1810
1261
193
1767
933
296
1791
708
258
966
1482
512
714
2007
129
1646
891
2851
295
1417
443
110
893
397
1380
1191
5038
2271
799
108
17
863
20
964
138
6
665
76
44
427
1704
826
758
449
2314
40
87
252
645
875
769
4402
1352
3047
1259
11
282
1375
912
3179
1500
478
98
421
832
528
1120
493
4171
167
1150
2499
86
1854
145
12
2965
496
2690
1338
265
831
684
581
1628
923
55
355
1685
1831
17
1316
41
306
1462
1123
367
79
311
1741
1292
935
336
1576
866
1403
518
1282
526
1639
739
1477
1849
89
203
2279
3136
2201
39
867
321
38
85
1664
1228
903
5408
197
1485
358
168
1003
1842
869
1226
949
131
34
384
3034
217
1127
773
2434
59
1566
1038
1731
1524
273
35
2143
533
2732
642
433
3203
263
223
2220
1460
1243
1489
40
5558
1645
3166
2072
1309
38
1852
377
1699
2983
3014
199
317
584
600
372
79
37
1322
368
1418
105
52
1166
18
408
2811
669
2572
123
1204
161
836
2918
45
3021
2397
494
787
639
1113
2200
2893
471
739
150
628
2239
411
1145
1580
210
75
204
309
486
2061
628
3069
1004
512
79
913
1340
2027
1068
1646
663
1045
47
346
565
1910
3427
152
629
2341
1368
1324
1310
47
639
1018
3263
2065
803
77
371
1576
3015
5
3414
571
362
3937
102
279
2879
219
95
273
1552
7
996
208
580
794
1282
273
1136
2318
777
1147
524
180
1815
1041
50
1987
145
872
645
219
814
92
1205
135
632
1667
465
578
1370
306
834
1161
2863
386
1408
186
190
283
499
2222
1316
3620
285
194
25
337
873
552
184
1301
191
233
379
198
823
225
710
11
3237
482
538
198
1451
163
2897
1294
4697
4
1105
1185
874
714
1461
312
961
439
126
17
484
632
409
1489
3954
892
740
1761
743
151
952
402
1240
3341
634
1449
1915
3826
1094
241
1157
1003
906
2218
1031
1147
1351
242
1712
1404
689
40
368
7653
83
1131
1845
1777
1038
925
4042
897
210
898
782
350
345
1425
507
289
45
788
1068
1410
3065
1476
64
1977
567
2050
394
558
894
1619
621
1227
316
756
1865
115
1135
1643
1954
4790
62
148
498
409
1083
1777
3046
783
33
3324
373
1230
250
48
931
964
938
2781
2590
111
305
1072
1611
384
108
888
589
703
977
216
2280
107
2
2793
1590
341
1258
1312
366
2099
767
418
744
111
462
2394
1970
3012
443
1591
2300
46
158
265
6285
484
1543
2321
53
235
1002
190
440
501
1958
705
51
657
1321
3958
947
942
1327
3184
2096
935
1124
681
562
2076
458
718
120
3973
38
84
873
284
1713
1111
205
739
1854
2091
3293
3260
3382
1077
1650
2950
91
193
5086
2083
1988
134
351
482
111
993
1696
610
1142
128
1373
746
35
3748
411
492
80
866
469
455
1827
516
112
1633
390
559
1971
464
564
1321
2369
1144
265
2184
1572
49
193
95
238
697
464
4280
2042
822
807
671
4567
219
352
273
352
451
188
3196
212
1494
904
711
903
1358
546
1590
1638
3353
1769
9
3133
3088
629
89
603
278
323
1269
372
1060
200
1952
957
585
112
982
250
1626
99
758
337
108
2705
8
52
721
977
843
460
2930
946
1677
429
389
221
417
83
3875
4481
251
1269
207
2933
1042
562
536
2854
195
1863
92
1675
1865
4522
1095
317
3508
1927
208
1881
269
266
1661
851
752
2796
312
1528
2013
2145
605
719
89
1150
333
300
2535
2762
2321
583
760
900
123
940
1648
301
162
154
124
1210
128
622
458
39
454
981
42
862
193
1585
701
1071
779
205
642
299
242
211
336
2147
4043
2292
626
501
592
1807
194
544
463
2697
192
1970
1133
1282
99
411
1698
1665
1119
12
846
1062
367
1251
437
842
535
1996
207
2121
653
3437
165
566
676
834
1293
844
5625
415
135
229
2066
1561
69
1389
1063
131
739
136
335
2728
1
915
198
1353
803
321
104
78
1069
1761
52
397
2478
1528
466
103
995
1045
323
798
520
24
3448
831
1766
123
2054
2206
174
184
189
250
726
460
1199
724
77
472
287
100
854
1190
220
975
718
1402
1306
972
241
1667
1989
1062
958
290
1727
733
579
59
1551
1785
830
261
4334
876
3
70
927
1341
440
631
1128
353
421
2730
706
679
1926
607
1631
1540
191
1303
1488
317
77
240
2022
686
163
2274
2617
1031
852
216
981
3011
408
3111
1528
1089
167
325
1110
425
4573
1746
605
2872
140
924
171
505
1620
449
1536
604
1087
1234
33
495
2368
1832
1262
3808
88
1512
585
146
463
1230
1442
501
404
3066
949
306
1275
487
689
217
1666
280
1047
2205
1751
859
919
5140
639
835
5561
1067
453
1226
646
1964
94
2172
2254
749
537
35
2960
90
308
1644
1210
1710
1634
3298
928
1204
165
1945
3452
912
377
626
1388
111
6476
210
1532
429
123
46
601
488
549
117
347
231
1851
3081
567
1917
502
1396
1552
465
389
402
14
525
902
681
565
938
1901
1114
372
84
2760
1284
2939
707
3622
251
1240
745
714
2617
502
395
4509
719
316
299
549
1655
127
208
1683
746
469
530
304
1803
134
27
600
19
19
1459
997
198
663
116
2356
1173
376
843
350
726
1594
1420
2255
510
1479
1538
166
60
481
911
301
601
2473
733
52
189
486
2996
2331
1523
10
449
2273
623
1048
180
719
182
1552
260
31
1546
1435
8
1434
176
625
409
4024
2804
2550
4826
292
456
1819
211
116
603
117
274
292
404
1167
1246
1102
2779
1255
1204
1382
503
1313
448
2576
419
1239
1243
153
2942
2305
579
130
1270
1500
19
444
3895
2388
