1310
116
769
1027
327
141
158
2359
401
299
83
173
108
1502
1306
3006
286
1786
242
708
664
228
4793
525
802
927
1802
462
348
1754
423
567
302
896
539
1647
3437
1364
518
6554
1323
511
217
871
178
2868
1133
509
1409
679
1154
956
262
193
614
1062
1562
305
1428
1092
2308
3185
17
809
584
1016
240
279
63
297
471
794
1755
3791
1608
206
426
2456
1647
469
517
507
897
690
345
1947
101
979
1619
1992
82
776
337
47
2116
2053
67
1212
592
71
677
959
2159
1145
791
1024
1091
2655
2057
1261
384
234
372
193
1767
185
1039
782
3196
966
198
118
1074
714
1248
129
891
2389
1319
1417
966
2544
893
397
1380
1191
1293
2782
3705
161
1663
12
223
484
964
375
162
186
76
44
680
32
2
322
536
731
477
99
1408
386
40
252
351
1194
236
2263
2076
2578
2613
205
457
693
482
570
1779
1500
249
1382
98
421
832
2299
1150
1529
378
975
145
12
1832
877
2228
252
496
447
125
773
1154
1162
831
581
1628
923
55
355
2273
356
1316
306
34
311
3250
836
771
935
1576
866
628
1569
266
547
835
1477
1849
89
686
1295
203
1095
219
2790
1161
997
39
867
101
615
500
1360
255
1731
2146
358
168
477
1003
1842
870
328
440
609
949
171
1213
34
384
1200
281
1127
914
351
1566
1038
123
747
479
273
486
35
1863
228
781
658
673
263
520
1679
1460
936
1489
1383
1645
60
2509
2322
1871
602
284
307
561
764
127
317
584
483
1996
79
368
42
648
571
52
1166
18
67
535
978
184
1197
2102
508
836
499
1155
45
3021
2397
178
817
639
1113
2200
1495
93
471
103
1777
618
1145
1382
210
3534
309
486
2778
3817
544
195
79
1177
291
1569
663
382
846
565
576
2771
78
152
1132
738
232
583
658
2541
2079
348
435
230
636
690
289
1630
5
3054
571
362
59
1117
1309
888
193
121
536
29
219
95
7
516
4394
726
53
193
401
1147
206
471
1237
1201
50
1987
2124
1393
1420
1205
632
1667
419
858
2075
1096
382
2863
504
1136
190
1555
3384
662
169
184
1954
233
287
941
328
1051
225
710
11
412
2810
482
538
1247
388
143
377
2136
370
854
870
207
2880
1242
714
966
443
439
126
104
280
321
1115
892
740
401
1005
3365
402
723
1750
1105
184
2091
3189
413
947
1333
154
20
6106
691
574
179
556
57
2012
40
370
368
1281
5564
1318
751
138
1845
1317
376
89
1379
91
452
897
210
396
507
45
788
1068
2021
279
1977
889
408
773
558
529
668
621
6141
2394
180
872
1865
568
1896
72
7417
758
867
288
1511
117
2308
1018
1145
996
33
923
1373
1230
250
48
70
1304
4184
189
111
766
1035
1602
1072
1611
8
1122
1703
2207
589
1520
760
1599
107
210
2793
341
818
238
804
3761
1312
366
152
196
767
1296
744
111
462
869
3012
478
40
752
3847
454
274
256
110
1070
571
276
51
279
947
325
1327
2091
1862
2096
413
857
6
1347
996
928
546
2076
284
275
1083
3633
74
890
42
327
873
17
1355
603
2459
1370
356
653
284
2091
86
196
1509
1739
781
3382
1077
942
1578
105
476
667
2343
1078
482
111
993
612
1142
625
615
3748
92
19
492
677
144
469
516
1087
112
978
390
559
464
564
2585
3973
111
265
2184
1682
940
697
464
4280
476
38
1139
4567
1174
352
273
1298
451
714
522
1494
1150
2759
134
546
651
128
41
249
952
237
52
798
585
471
1547
554
1055
1206
629
89
1517
45
1060
200
1009
1117
764
786
624
337
799
1225
3893
721
764
3391
1903
946
1677
429
389
221
448
1463
5526
251
477
116
553
207
1168
775
563
2117
133
1401
1042
536
1668
557
416
780
454
4522
1095
151
105
1696
718
71
790
208
278
2437
172
26
2207
505
1838
212
719
89
689
558
247
1770
583
3837
123
940
518
437
124
3394
157
39
454
724
42
862
701
433
21
659
23
642
299
176
68
2375
1480
3926
393
626
375
1807
194
544
473
1580
1133
1874
4687
1119
1768
79
1699
119
1836
367
437
295
104
1996
507
598
897
773
566
700
93
2015
2495
135
229
1873
99
69
486
131
108
390
136
1735
1288
335
151
2728
1
1328
198
1353
138
964
358
614
20
452
134
104
1069
464
74
438
1549
2853
323
798
520
2518
624
882
107
1357
476
184
189
726
460
36
5303
393
70
53
157
1402
952
1120
230
377
479
5387
1062
1709
530
53
840
1727
733
579
945
952
2221
311
440
631
1128
353
421
2730
706
679
525
612
67
446
705
66
2531
1426
1553
1488
1179
317
77
285
240
359
398
686
531
2617
1031
154
117
389
984
1368
2152
2256
226
2201
2234
2564
1089
153
1212
1110
425
4004
2939
252
1866
82
605
1498
171
1531
449
1536
3558
1722
138
1502
1426
543
1512
1336
1106
404
3066
433
55
982
1319
1666
1223
2205
1751
14
24
5
427
403
529
130
254
179
204
2317
646
1091
356
723
820
3834
686
1133
193
1644
1210
1634
3298
208
298
1945
723
1398
1848
377
1252
6476
210
1424
123
198
601
488
549
117
445
1133
545
1917
639
232
417
1396
1200
465
19
568
902
938
1020
1271
334
1536
1114
650
372
2295
158
1381
450
707
1240
640
694
488
2973
18
973
746
469
1710
123
600
19
217
1623
578
2024
663
116
1654
1833
580
1057
61
1594
112
383
1470
1108
481
346
301
95
2473
807
52
189
2316
1005
10
449
424
275
932
70
767
273
703
260
22
1546
8
324
1125
71
745
107
2356
569
1630
629
1006
2732
384
4826
292
682
1819
1432
211
712
38
314
117
583
274
292
340
1167
2597
1702
638
529
956
218
2236
1313
970
335
455
1586
1244
527
2379
1358
1242
4281
3245
1453
