769
550
1048
1616
430
286
651
242
708
83
4353
557
202
1651
1020
404
423
2322
2141
386
257
895
47
508
384
199
1781
522
405
961
679
1154
596
159
193
15
224
2013
655
1225
183
17
313
809
584
227
123
279
420
798
1608
517
897
690
345
244
676
18
2765
57
1580
154
82
96
2116
663
959
263
2407
1328
254
1
791
1024
1091
247
373
528
227
96
234
372
329
185
260
1188
314
164
118
123
129
210
304
1841
295
1417
586
1248
949
172
1957
375
627
344
447
17
54
640
964
375
162
186
76
44
484
99
351
236
1173
239
430
1295
1313
249
407
832
655
533
2473
123
378
338
12
2228
252
496
447
125
773
1154
1162
256
485
581
1628
923
55
459
528
357
311
273
1509
397
63
273
336
1118
1403
518
506
1569
266
547
699
739
1477
1616
89
469
141
1095
555
286
997
101
1873
376
9
255
1731
869
293
310
79
168
477
386
328
440
609
171
131
1200
351
390
762
35
98
242
263
520
1679
1460
469
381
798
1645
60
2509
2322
185
1239
2097
667
127
584
483
1198
77
42
648
251
67
127
706
1127
1197
1421
860
902
356
1013
2200
2893
361
93
504
103
687
27
590
618
1145
1
1939
866
527
1801
1004
216
79
1177
29
1569
789
663
120
1575
2341
862
1512
639
550
2201
2748
310
107
230
1576
2726
543
32
1117
544
29
469
273
284
2102
1081
283
1147
241
1041
50
1987
158
1506
1393
1420
1205
632
253
419
858
43
1586
1096
953
904
186
1555
673
152
169
40
542
1954
941
328
225
1988
520
2561
854
2880
1242
1387
195
439
126
104
280
321
994
743
151
748
31
16
33
507
6
41
181
93
36
3826
269
678
625
2218
577
3601
691
301
1147
574
556
1
1020
40
513
239
1739
310
138
1845
1038
376
89
1379
1792
897
366
507
289
45
1068
392
806
235
279
342
53
408
773
558
1313
621
585
2148
546
528
802
1194
246
82
1688
72
445
136
1311
498
409
758
288
1231
117
2308
1018
161
858
855
300
165
1230
250
48
397
600
161
881
1574
80
189
111
1323
16
8
595
1703
2207
589
760
1599
210
2550
166
238
173
593
196
383
1260
239
97
35
1962
40
46
752
265
1236
1919
1603
1041
440
509
1414
279
947
617
1354
2096
339
558
996
928
298
3789
74
890
42
327
384
286
1031
603
333
1652
725
356
2091
196
1091
1747
476
84
1081
159
1603
61
1005
843
1102
343
111
870
800
610
211
771
615
3748
385
80
63
144
1087
112
978
420
439
1623
2137
1544
1285
111
265
667
1367
476
38
468
696
586
219
2631
1410
714
522
409
212
243
2683
41
249
952
52
798
471
947
1055
1206
227
1269
45
1009
1117
467
324
492
786
54
25
799
634
1032
786
751
114
1873
582
221
448
1863
717
416
1416
251
186
200
3168
133
2022
562
160
1314
403
113
596
92
1675
631
1077
1038
108
790
278
2495
149
738
505
1041
232
67
1265
300
247
3391
123
940
154
2207
128
622
458
39
130
289
189
701
120
581
328
647
32
712
463
14
339
192
1580
1133
671
99
698
328
12
145
79
119
1836
367
409
173
1434
134
598
897
399
150
700
93
2015
370
771
2152
399
767
1776
1561
486
131
739
1735
1288
639
799
2263
1561
138
803
524
20
171
699
464
74
438
1549
930
464
56
93
454
2206
261
830
220
250
36
443
239
542
287
542
1668
1240
533
303
457
1062
1689
1681
833
576
163
80
108
3
352
547
311
440
631
1128
139
2730
706
679
612
67
446
705
224
191
1191
1266
900
3
77
285
240
910
398
163
531
981
634
992
936
1532
408
2201
223
923
447
1212
4004
347
1634
206
1866
82
352
1312
1137
140
24
25
113
449
1365
1118
397
138
1502
1426
1106
1530
401
195
143
463
1230
336
404
2251
509
433
55
453
14
24
5
45
639
75
529
206
835
1309
204
689
1135
854
820
554
930
686
2877
90
1644
1210
928
1204
445
2384
572
462
57
356
445
1133
172
2796
1112
639
232
417
1200
120
14
525
1998
270
31
650
372
1284
1333
251
1708
393
639
147
395
1409
1377
318
299
549
8
18
208
746
99
569
727
18
19
217
744
627
61
527
375
1470
755
64
74
358
486
1039
1094
810
1739
339
70
685
273
113
334
260
680
130
1304
2400
424
625
2356
569
392
629
179
823
849
468
2550
1823
520
456
1819
454
211
712
38
314
117
583
274
266
1167
1882
638
93
138
529
248
1382
218
906
1313
2007
474
1244
1243
527
238
371
1814
915
1500
2388
