1310
3
1058
5555
349
1098
2878
1968
1065
1207
603
794
1119
5873
1053
2252
1555
4583
4657
1566
846
5978
2403
6199
2943
4366
802
2363
202
9937
68
5
3640
1856
390
7083
9202
38
2709
519
904
7136
1249
2344
1004
7445
5857
203
2752
168
273
588
552
3221
1286
2956
659
8362
334
774
1092
362
103
2138
417
3074
313
4759
9656
8551
5948
2728
3048
1608
10000
286
1288
6742
610
8943
251
888
2682
4196
4038
4732
4824
4502
693
756
449
6154
518
7066
9209
2945
2057
1261
384
608
5738
1776
4501
2769
5891
239
9422
118
21
195
1680
2295
1024
2290
758
1789
5784
10000
5859
762
1493
233
1525
162
2202
3984
3996
4046
1205
1777
605
863
3062
3535
3117
1068
2143
5476
4362
477
4350
2314
796
607
355
1005
1783
864
130
5956
2263
3333
2773
2016
2613
1660
597
8802
802
2918
1071
2821
619
1059
9964
1537
3279
80
1061
8201
1020
3381
1596
3981
5498
644
2921
1174
831
581
1300
744
1010
1989
3018
3606
2222
5225
1689
1186
8333
4437
935
336
3290
1638
3074
1233
1163
1569
266
3213
609
4173
5963
425
807
6442
4910
153
9436
1582
2923
4899
7487
2180
903
7932
896
1503
715
1547
1764
1630
10000
10000
1668
7661
6282
9258
2842
1841
880
4391
4549
2155
2196
4832
7652
533
2882
5003
4680
1112
116
8019
284
2880
1612
2459
10000
3500
3783
383
2860
1294
4706
4338
1593
947
806
124
8126
10000
1043
659
2875
669
2572
1577
1204
546
3700
1515
572
9217
9005
265
968
2204
23
4697
1544
5457
2239
2279
3768
6253
3534
1827
403
560
2809
8708
2857
2027
290
529
2255
2281
9321
7041
2598
1091
2230
508
1310
583
639
3091
3461
4276
2316
1688
3075
1257
3966
245
340
5037
1161
584
4825
559
3097
2413
6387
2660
480
4182
8679
10000
7754
8255
759
182
1300
268
180
3643
1408
3906
1393
2997
135
1614
282
8266
10000
6231
3809
4726
383
231
6461
7685
1606
10000
674
376
859
1445
1084
5440
1956
216
3937
2157
630
5252
1496
163
2601
1689
88
9095
5559
473
2549
385
4080
2432
57
3638
2927
3766
3894
1337
1868
958
5325
820
701
3875
2064
1763
1994
1736
6010
6579
5299
1775
1028
7240
1825
2916
764
10000
3779
2218
10000
2596
39
2815
1421
773
464
2821
368
10000
1094
3422
1678
4737
1176
8135
6245
3928
3978
6978
2113
4926
1410
753
9102
2562
889
358
2131
13
4440
3095
3844
827
5790
316
1332
4186
4491
5501
7762
392
714
279
222
296
5716
234
245
3531
808
2662
2965
1956
1020
1782
1343
2576
1141
7268
8107
3182
6662
1232
994
1872
2492
2002
7309
1087
2311
2846
68
2552
8715
3188
2280
107
308
212
7572
318
1198
5502
402
2054
544
2603
565
1172
1224
3148
1137
3518
32
4436
859
595
834
1107
4162
107
1885
1487
298
737
5135
3003
3815
5269
256
3736
546
2041
4710
4560
3604
7151
2220
616
1451
5549
408
8526
4650
3647
6
1734
2994
904
6187
4267
744
3988
632
3887
5193
1111
4503
737
1133
2120
246
3891
4586
5177
7268
1919
329
276
2080
1805
7726
193
5086
260
1243
1431
10000
974
4133
3260
1673
2071
417
3768
496
250
671
677
3211
3555
3056
1011
226
4410
112
1938
3425
3815
4810
2026
1284
1887
879
3005
2184
9877
138
3247
6204
3523
6125
2428
1908
1298
451
5930
3350
5070
4371
302
1891
4245
2196
546
5146
1427
10000
10000
4141
4009
1121
4116
9929
3387
1008
603
364
1908
1196
611
3835
706
4951
1231
932
798
307
2921
3601
6182
3656
4312
1142
1132
3679
237
2108
781
1021
221
2335
1602
3314
3977
2558
9154
10000
1788
1168
1444
8930
5020
1245
2214
1599
4754
230
1531
33
407
227
1805
246
2172
1069
180
4573
1157
1279
3056
8558
2041
2117
3330
312
2438
238
1117
46
26
8040
5884
3360
300
1408
6118
2762
2038
382
1002
10000
5942
3595
66
5451
1386
458
39
4342
6499
482
503
2770
3793
2466
181
2354
216
7975
1236
430
2321
1267
4675
4227
7500
2292
3277
194
5858
2351
3753
1051
4021
99
5227
1169
2736
4061
2104
3132
8154
119
1496
109
5678
3463
437
6323
1434
5395
3289
2337
3279
1293
2886
6490
1356
60
147
6902
1014
59
561
152
9205
3233
4983
2010
1461
4843
1563
815
384
4340
3897
1775
302
379
473
1078
2536
2049
472
8357
808
7307
1528
990
4910
798
520
2770
461
9877
6131
617
1780
10000
573
2348
535
642
1386
157
718
3070
3395
3432
1292
254
10000
2222
4804
958
3141
598
733
187
898
5685
22
893
836
261
4334
1816
3902
3238
1202
2216
1840
846
1576
2603
3286
3619
527
237
2003
2139
2060
1417
8053
5445
1963
1528
4483
10000
10000
4267
792
2396
2507
1561
4759
5529
3899
4617
2749
295
3409
1015
3112
2508
10000
293
1208
905
10000
354
6414
1087
5139
3500
4741
2619
3373
4955
1442
332
1853
4720
853
3418
5135
2496
2205
6478
10000
10000
10000
7200
758
94
1852
1441
820
3834
8108
1644
1210
1672
9198
8842
4575
5090
10000
1723
1388
897
3941
1756
730
2085
542
88
3642
4447
1506
1803
364
1443
488
4926
10000
4026
1914
852
502
5777
1552
471
568
7147
7309
869
1998
2271
2109
6859
1877
121
6265
684
2515
9588
439
359
4352
13
194
703
1708
759
826
514
2294
10000
1414
171
7669
6402
3076
36
1913
2384
1722
5822
518
680
5936
522
1516
989
3026
6247
929
3726
4129
1151
8822
10000
1776
2809
3070
1463
4723
2774
1937
7189
1025
2047
724
10000
656
538
3632
544
7392
4288
2228
926
5909
376
1138
979
1653
2089
438
4092
693
851
8609
2472
1007
820
176
7109
2387
7256
107
5672
7327
2038
5604
833
1192
679
551
6382
3283
3243
616
1966
7344
2022
3094
3916
1231
1427
2414
1167
8647
4108
3668
1255
4223
4459
8599
4794
2548
1489
4166
2432
897
201
5061
3140
4732
5429
4361
