1858
3517
10000
10000
1951
2112
1119
2247
9795
4192
3505
9910
1192
29
6199
228
6630
802
830
10000
68
8249
10000
38
5757
4032
904
5916
2058
2880
1004
6711
9263
6355
3624
552
4645
4027
493
8485
704
2308
1305
10000
313
4440
7288
2182
10000
10000
5957
1608
10000
286
280
1842
9268
10000
8569
965
5268
4729
4824
7261
1028
1230
6154
1040
9576
10000
5620
99
6383
596
5738
5739
2922
3795
546
5226
708
578
21
195
2838
6423
10000
10000
7830
351
2239
900
4043
6950
7225
1205
10000
758
5372
418
496
3982
7164
10000
4350
7415
607
10000
1808
620
4406
1986
3493
769
7984
597
8802
2604
2553
10000
445
630
1537
8259
5458
2062
1020
4113
1596
1669
5498
6759
1174
5092
4207
10000
355
6682
3606
6340
5355
1689
1186
743
4815
5084
4466
1147
5516
4701
1233
1163
7605
540
372
4634
2040
6747
4720
10000
8030
1711
3930
9104
11
657
2197
2180
10000
293
7732
10000
8370
10000
9399
56
2288
4219
5070
2175
3750
2331
3016
5168
338
6935
9732
10000
116
8019
2142
3012
3075
8632
10000
10000
78
991
10000
1294
2336
5461
3399
6040
10000
497
3776
2327
5782
4075
669
364
884
5694
3780
1515
6090
671
1989
87
5655
244
995
5935
3217
2718
5371
1579
7530
10000
2279
97
33
950
2768
4877
3534
3466
5537
4060
470
3488
10000
813
3114
3063
1137
7458
278
6194
8441
5098
2640
917
1692
2880
5636
99
3075
4184
2846
1274
1928
6520
2102
4825
1496
2682
4143
1821
6153
876
7425
3391
5965
7937
10000
3128
2364
3246
2350
2375
3586
7306
2997
135
2170
9874
3519
1518
25
4754
254
7378
3191
1939
6377
10000
3300
4195
2284
7439
1800
8160
3908
5169
9541
4941
755
10000
3389
5527
3983
1347
9911
2432
2888
177
960
3319
1339
5578
4218
3064
5702
2413
3514
4618
5649
1477
1
1505
574
7290
5701
3759
3184
2760
1915
1702
10000
3779
2218
5532
10000
1253
8279
464
2821
7768
1131
7859
777
114
1093
9799
4891
2772
3928
3978
6978
7226
1484
9700
8553
413
656
371
2277
4723
796
3095
3844
10000
316
1332
4186
10000
10000
2841
507
6620
3168
4845
4834
1956
1020
3447
4152
10000
2981
10000
1232
994
4041
553
10000
1183
5267
1602
1903
28
102
2846
6934
881
303
9596
4376
3842
24
2379
5536
7133
2838
4201
2414
9650
10000
9640
3012
4850
10000
334
1745
5889
2967
5269
1682
5624
367
8588
10000
10000
6839
1066
6841
2681
3647
6
1846
4089
10000
2166
911
90
3444
6900
890
200
6729
492
9324
8692
143
915
1133
2120
653
7768
10000
10000
292
1863
8006
1730
3367
354
732
8344
10000
187
2430
10000
1593
4057
647
4336
830
3584
567
4305
8620
1368
226
7514
1521
10000
10000
689
7595
219
10000
450
4430
2876
9877
3247
2106
1331
5615
3593
2849
451
5880
143
1426
4371
5429
5324
768
10000
10000
1590
4937
9746
8992
406
3416
2176
3387
4735
200
4297
3461
428
9496
6720
861
6170
3737
6019
3574
10000
1885
2586
1588
2969
1439
237
5665
1443
5836
3447
5005
10000
10000
4496
4633
2715
1423
1444
10000
1956
1245
1583
215
101
3646
6504
227
3017
5616
4785
4573
10000
1442
6304
510
7727
8900
388
3334
4346
26
3091
10000
5296
3914
2823
1470
8917
8583
90
6900
1365
5942
1422
5451
7763
10000
503
3754
3992
2466
181
6188
3154
2008
1236
1765
10000
10000
3396
809
10000
984
2172
10000
3841
1293
7142
1529
5791
742
6735
2035
1083
2220
4776
3744
2469
6323
3690
4699
2284
2584
2228
3279
1293
10000
10000
678
3678
10000
6095
284
5314
6771
572
542
118
4972
4601
561
2291
3897
3455
2915
665
4124
10000
620
2757
10000
10000
3351
6573
2462
123
4547
3929
5810
525
10000
10000
5129
1386
157
989
10000
915
2577
3079
10000
7389
793
958
5257
2712
151
4780
10000
6119
511
5949
1816
10000
6736
1563
10000
145
7967
73
527
5113
508
6495
272
5445
1863
9935
10000
10000
3606
1561
4759
10000
1036
10000
321
3930
7636
5385
3743
10000
10000
2500
1459
686
3800
10000
2324
2756
1442
501
899
8578
6582
2324
478
5135
2496
328
324
10000
10000
5506
1202
6430
1415
10000
2492
2596
1431
9293
8108
308
3317
3199
10000
5199
3611
10000
10000
9873
897
7127
5289
88
6436
5718
2761
3466
488
2700
6835
8646
6718
375
502
611
5777
2432
3057
6375
10000
10000
7523
10000
2773
6891
10000
5777
2624
856
8685
745
8997
9583
1948
4855
10000
8402
1869
549
1655
163
1913
4210
3805
2504
10000
10000
1278
611
208
7724
27
7599
6105
1770
4974
3079
1463
4645
3732
3188
5987
10000
3996
2659
10000
538
2106
544
7392
2228
4456
5146
3298
10000
432
759
2094
3027
966
209
3739
820
7109
2387
7256
107
3366
6478
7701
2038
2254
7567
2148
6382
5681
2711
10000
10000
8700
179
3183
806
304
8366
10000
307
1315
9411
10000
2346
1553
4191
10000
10000
10000
10000
2470
5207
