347
561
210
314
399
56
552
59
278
891
18
81
62
57
59
301
36
364
376
329
130
24
163
653
31
627
172
77
536
247
223
86
191
43
232
1181
763
149
1128
447
198
988
68
60
325
40
1008
56
627
37
411
1058
378
21
30
39
371
446
16
1052
15
45
183
356
419
150
1145
507
15
608
591
78
111
886
216
271
7
158
434
474
1347
1066
407
152
342
1352
252
1351
665
184
449
91
205
80
787
103
215
368
944
275
68
376
507
424
41
257
16
109
354
94
689
1536
166
268
15
122
61
667
311
144
547
148
165
1454
653
284
61
84
807
256
781
578
390
909
210
182
552
448
185
51
128
129
154
421
122
18
123
140
47
341
3
93
61
520
73
227
33
370
1035
79
486
612
260
926
132
399
4
383
209
709
1089
540
337
780
67
286
434
595
353
547
488
161
332
355
334
459
73
32
56
102
1666
5
75
2861
772
161
22
133
265
532
363
131
382
12
46
38
120
735
344
187
493
1024
73
48
8
139
314
379
206
113
40
131
351
445
454
99
583
274
453
29
123
1447
203
