921
1074
1448
4158
2797
670
706
181
52
685
141
592
1272
49
524
173
184
2962
1781
1788
389
1185
428
1862
3914
228
6630
802
927
202
8234
643
539
3097
5890
1908
375
161
1323
511
1175
4032
904
4977
203
1670
1131
2229
2415
405
34
387
659
1638
1659
686
334
737
1992
1092
2227
2317
311
1861
313
277
809
584
1139
1007
3893
129
119
3275
1704
6034
1608
1514
4148
151
2502
3458
184
610
1672
345
1367
114
59
1124
283
2765
417
367
2977
82
1575
1790
1846
47
2116
4410
1119
677
711
449
1210
959
5685
1328
1494
443
6788
2945
2057
384
1479
1058
3864
1486
1847
185
260
3196
966
198
118
1074
4244
669
1646
758
891
3372
196
2530
4063
1582
397
1380
1191
913
447
1044
1299
640
3088
2266
531
76
44
626
2
758
928
5958
87
35
645
875
251
864
6712
1352
75
469
1354
205
1122
2648
2812
3179
1500
1860
98
421
445
832
528
1009
420
4171
4050
378
2240
1584
3981
2317
252
496
447
1874
2492
265
831
581
923
1180
355
1350
356
1542
4046
1462
1689
311
3250
1788
935
336
2316
733
866
1403
518
1282
1569
266
547
284
1112
1477
2190
4626
1295
203
2279
1193
836
94
1219
3677
1582
196
85
615
500
2021
9
1360
903
5153
858
1334
257
396
358
477
1842
288
6050
949
370
2269
1972
3614
914
410
1566
273
1204
1953
280
121
2732
642
120
1795
569
1477
1460
936
1489
4420
2014
5675
950
497
478
192
1852
1871
284
5474
72
317
653
584
2651
2623
372
553
2081
124
368
770
676
52
1166
18
1684
586
669
2572
527
836
499
1515
2716
134
1667
45
2250
1430
817
756
2242
2893
1013
2715
628
411
1799
1765
2238
1030
2300
309
486
1882
4909
1004
544
1818
79
1177
936
511
224
166
29
2027
256
971
902
1045
893
565
1664
2562
2156
2258
583
611
639
1246
621
198
515
2027
107
199
1799
1403
5
232
453
44
718
2936
60
59
2894
888
102
279
3097
469
1840
195
866
625
1552
516
4394
580
794
1282
4198
1136
53
376
1147
524
180
567
868
1201
50
1987
145
1093
872
645
219
814
2986
135
2112
1340
1575
2075
1096
2377
1197
1322
3111
499
2817
479
13
1316
3620
797
285
194
1315
719
25
337
1904
463
269
1641
233
941
1051
225
710
11
412
2810
534
2424
538
136
1990
1689
4066
261
4
1444
2055
207
573
874
2549
389
4374
2432
51
2427
443
2715
819
377
1868
735
126
252
17
484
4250
351
4618
1763
740
1736
1157
2898
1694
151
1784
774
402
5459
634
184
2091
3189
217
1646
3826
1094
2644
1003
906
2218
6243
1445
1351
242
1712
1404
1929
3357
281
110
368
4617
1312
2770
1131
4963
1038
861
1623
1069
1061
897
3582
321
350
1878
507
69
1003
45
788
1068
1410
46
461
210
279
889
567
2050
379
1195
1132
6141
2394
316
872
2777
232
3681
584
2266
1011
62
148
498
409
758
867
406
1496
4428
531
1018
1663
348
783
1956
565
1209
421
1242
1009
5468
145
48
2362
964
397
938
468
5400
1283
4588
99
189
111
2408
1602
78
1611
384
1122
1811
1319
703
1520
760
212
35
4411
818
238
804
3675
2060
310
5039
544
2603
1172
462
751
1459
5417
6111
3012
478
2325
107
334
1163
46
752
265
6285
3223
2321
53
775
3618
545
1276
2510
866
494
1781
925
657
1321
1851
942
4979
2096
2840
1124
1538
996
2758
3620
1213
284
718
162
65
3553
632
84
873
1355
1111
739
1854
653
284
86
196
1509
4317
3260
3382
1077
1410
878
252
91
2695
1015
1078
482
111
993
1696
610
25
1142
128
1282
746
650
92
19
1627
1033
331
411
630
338
80
845
28
455
1176
516
1011
226
1770
1087
112
2406
3425
1971
1777
4983
2369
1144
2003
1887
450
1035
3095
3511
1178
161
930
138
1191
6204
219
2631
2395
536
147
1509
946
333
526
2674
212
3541
2992
1150
2759
356
243
4796
768
773
2082
41
249
952
3353
1769
594
3604
3088
3227
89
603
1630
428
1060
1009
3449
1231
112
692
50
1412
758
337
110
691
2705
3893
3147
52
80
764
843
208
2930
946
3076
94
569
1087
1021
221
448
1383
2758
1221
1603
1887
1785
557
1072
393
775
563
3847
1547
54
137
1307
2641
4528
3017
591
195
2172
1577
105
1696
718
3060
208
1881
4762
860
2163
2603
56
312
2438
238
1117
1967
3091
605
212
719
3039
300
2535
2762
2321
2792
3077
123
940
1648
831
899
44
2486
888
1386
940
128
102
187
1467
1585
830
651
80
2258
1166
642
506
1243
12
1090
1210
3925
1623
1239
1098
32
592
966
2251
194
1307
984
473
6515
99
5029
1087
4449
1768
119
675
1836
1251
842
4124
413
1248
598
1028
770
2789
165
566
1483
741
2015
1293
2495
5625
415
135
229
2187
678
1561
3135
1063
131
2056
136
1735
1288
1424
1097
3527
1
2780
2263
1143
138
964
1775
302
379
344
827
547
1835
438
1152
2478
1528
466
103
757
1101
798
520
2770
461
362
2815
189
726
460
60
4227
5303
860
3506
229
1333
718
3070
1306
972
241
1122
479
5387
1659
60
164
2936
905
840
1727
733
1051
189
1372
1785
655
5102
1402
1731
3876
2216
446
1631
4537
1617
1191
184
968
191
2612
1557
2022
1963
163
3249
2617
586
852
2745
526
984
2309
4267
2256
226
408
1470
51
3507
2195
1212
325
1110
425
1860
4617
4573
81
252
2986
605
3387
140
924
2490
1629
449
1542
6389
3608
669
4662
526
1832
329
4512
88
2664
378
585
1442
501
404
3066
433
55
1275
1806
788
217
2205
838
2322
421
1042
1022
835
593
1067
1720
1176
1838
3543
646
1964
723
820
3834
267
77
37
1579
2459
308
964
111
1498
928
2587
1945
2054
2073
1252
1388
111
954
252
138
114
198
601
2310
1260
792
231
5190
1695
558
256
5695
1552
465
389
568
14
3677
681
938
1020
1506
2114
1114
1839
991
179
1596
158
2939
3622
251
409
2822
1708
365
514
2294
694
488
1409
4509
515
1008
316
301
549
1655
127
1248
2444
518
9
14
943
469
1710
530
304
1803
244
2166
27
600
19
826
581
1309
663
1661
2131
1833
580
627
350
726
1594
112
3273
510
1162
2081
755
3674
95
2846
945
1063
57
189
513
1207
544
232
1238
4164
702
1730
2014
623
939
273
261
180
719
158
182
177
841
260
31
166
1435
1758
1990
176
625
1157
296
643
107
2356
569
7276
1803
2306
384
3146
2836
1637
616
119
1194
1315
2401
1432
1226
603
314
117
156
194
292
404
1167
1245
2779
1155
371
1255
325
668
721
2236
448
2877
2576
2226
1610
1822
527
2958
915
1500
2860
791
1188
2443
