1252
17
723
242
708
24
557
148
14
146
1133
219
1142
208
257
509
384
199
1146
72
961
314
367
1456
104
160
12
144
26
517
507
138
123
59
278
891
18
81
57
82
71
677
2180
254
1
420
291
376
329
130
24
163
172
837
1306
276
964
375
223
225
86
912
137
1471
314
145
1831
1404
90
447
391
31
907
923
55
528
950
1503
739
844
1616
469
26
370
310
496
386
328
203
34
954
9
449
1195
1008
56
242
862
37
1720
717
39
561
431
140
251
470
224
1067
45
2346
335
414
569
506
270
739
150
105
507
282
15
412
135
971
78
152
1031
203
267
348
803
1
230
886
831
1205
996
1228
1254
635
484
394
952
494
50
1987
158
434
78
456
1238
673
617
233
522
120
195
1788
4661
181
268
612
91
1333
312
89
205
1444
469
333
103
215
368
1281
903
227
1038
376
1379
867
253
392
375
279
342
2
1313
49
131
4
1197
58
1254
802
1194
246
632
72
755
1231
117
179
48
110
1872
8
1899
589
1168
63
210
166
1353
294
122
265
488
147
1296
707
128
482
165
1243
284
9
42
128
1454
718
196
776
610
615
1019
634
1012
273
390
439
1623
9
46
52
105
342
352
333
242
468
1334
346
212
592
221
1159
14
702
83
323
604
45
1009
566
140
321
183
582
1677
448
251
186
200
146
562
359
959
234
865
563
751
105
49
737
747
31
738
26
301
489
245
242
1189
27
158
1286
1580
839
843
897
81
135
24
741
2015
547
18
1848
47
339
7
14
435
140
370
1673
11
352
229
1240
97
457
79
938
31
331
579
576
3
848
214
421
162
645
132
121
6
732
86
441
163
1526
408
793
683
212
913
288
921
927
1630
173
725
286
434
113
449
294
933
163
401
274
124
1015
404
542
62
1666
438
196
427
3100
772
106
161
1135
22
1028
90
1644
391
1735
928
1204
372
703
231
805
462
2083
85
214
134
372
46
120
565
735
161
130
622
601
42
395
1409
1299
549
366
552
719
63
227
379
1271
1043
1587
113
1125
325
339
378
182
225
305
29
243
314
117
583
274
31
465
1246
1587
1849
638
83
29
140
1244
416
299
915
1500
117
