1310
1252
268
572
219
208
509
384
142
725
314
1456
294
227
4
118
507
552
59
278
11
62
57
82
276
620
652
52
364
326
376
708
334
488
465
490
964
247
85
386
225
86
191
43
249
1287
2360
447
391
907
758
198
854
28
277
1424
656
730
638
61
56
242
627
37
969
428
717
246
446
350
251
1373
189
15
31
150
55
1145
1531
527
1092
507
291
29
15
773
25
348
803
1
230
20
271
101
696
158
434
474
1347
1555
266
152
342
949
120
113
252
1351
205
184
906
91
205
80
218
94
368
944
275
68
220
1038
376
256
42
802
41
3
409
307
117
179
132
16
753
109
354
531
689
1536
329
1353
46
61
667
265
1236
147
483
144
787
283
707
241
137
42
284
298
1454
199
718
653
284
1065
84
807
256
97
1017
301
578
273
390
134
211
333
52
111
242
402
158
221
14
182
1009
321
397
448
49
552
51
301
350
44
456
128
157
839
154
121
135
421
547
574
302
47
1039
464
56
454
213
227
174
168
352
79
486
612
31
331
389
926
399
4
383
3
764
408
209
709
1089
913
288
58
780
67
146
173
366
286
434
211
128
656
1227
1106
404
1074
126
191
322
3100
772
504
22
479
143
265
817
21
363
323
2083
210
296
89
134
372
426
69
38
120
735
344
555
601
1409
73
48
8
409
314
153
227
379
206
113
40
7
257
6
431
1386
243
663
99
583
274
697
757
638
83
29
452
915
1500
