1310
1502
347
302
242
708
228
592
24
25
219
1049
575
208
257
895
1624
72
611
278
961
457
1154
1456
17
577
193
227
123
374
425
26
690
123
156
81
57
276
71
677
254
1
620
652
1055
364
326
459
329
130
24
303
708
348
1171
488
1993
994
191
964
375
162
85
2
14
386
233
86
179
191
51
788
832
48
137
1471
167
2436
145
388
1404
406
253
447
391
176
907
923
55
357
198
96
28
277
816
518
506
310
1616
873
102
3
508
201
548
1132
231
284
34
673
1008
56
98
242
365
17
627
37
969
1342
21
428
611
780
29
1239
268
127
446
77
350
269
470
266
1421
508
2562
356
659
1343
697
361
93
270
739
150
179
128
1145
1531
527
1092
507
282
291
29
15
412
135
225
274
1031
1077
230
636
1276
996
415
635
103
844
1081
394
241
409
1278
158
434
474
78
661
456
1161
2725
1238
673
152
40
388
617
204
233
342
399
1675
120
195
252
321
1365
2589
6
871
184
906
91
413
316
1330
1170
89
1513
366
596
244
400
556
455
65
215
1281
2697
220
230
376
1379
867
260
446
392
375
342
406
558
91
424
117
585
1945
802
1194
246
170
632
72
2093
755
255
924
117
530
409
48
490
881
233
189
111
16
8
503
753
1153
589
1168
63
210
329
1353
294
462
122
46
61
667
265
1236
347
456
144
787
339
711
1
289
2155
76
778
1454
595
718
653
284
86
196
1065
378
476
43
356
226
111
870
895
2
652
273
112
439
1623
9
46
52
105
618
352
241
79
63
21
1334
346
273
347
221
1159
14
702
83
323
604
45
140
376
393
552
1463
582
1677
429
617
83
251
200
66
146
562
359
596
751
1021
20
66
166
105
73
616
738
26
301
255
489
296
456
242
1094
128
157
39
372
27
299
1544
339
1479
698
916
839
843
615
598
81
700
1327
644
930
1776
18
1848
702
803
261
166
340
339
464
56
93
61
520
19
73
227
174
752
432
74
36
457
1062
619
326
958
733
576
163
467
402
214
421
162
706
677
217
926
132
191
119
1066
1553
3
32
86
137
527
1526
355
793
377
53
923
1089
299
347
1634
252
605
1312
286
140
434
634
2002
236
1036
656
1530
401
1126
143
463
1230
1106
404
1074
126
62
1666
1008
14
196
427
75
3100
772
106
79
1135
22
90
819
656
2995
928
670
269
445
451
2083
210
1532
73
92
134
372
380
302
201
38
448
565
1351
161
130
13
42
395
1366
1177
176
318
549
8
1669
530
727
217
25
17
153
279
227
189
6
15
104
314
1587
23
151
67
130
131
54
171
569
474
392
225
305
357
2550
1823
29
243
663
454
211
712
38
314
117
583
274
31
465
21
1587
1882
638
29
140
671
452
124
549
206
203
