1310
116
769
2396
1840
1443
2878
670
27
534
714
141
592
1048
142
169
723
1502
1807
1616
1906
880
651
1862
3914
83
4353
525
802
927
202
1053
2400
348
404
567
302
2322
1450
3333
1364
518
895
2133
384
430
1
1781
1582
395
405
961
679
1154
1205
596
1465
320
953
396
1302
2043
17
313
277
123
63
471
172
794
1143
566
507
345
1271
256
146
446
1619
1838
1846
3336
296
71
677
1687
1328
254
1
44
1091
2249
290
775
1830
384
1767
185
1039
708
258
966
1482
512
160
714
201
315
210
891
304
2389
295
1417
586
2544
893
16
805
780
2140
2954
994
447
17
54
640
964
375
162
186
76
44
626
2
904
1408
386
87
351
236
179
239
2014
693
482
834
75
975
98
528
655
167
2473
1529
879
2849
761
824
773
2492
700
581
1628
923
55
861
1316
357
1462
311
3250
836
771
281
387
458
1534
739
89
686
1295
203
1095
1193
929
875
1040
39
867
101
1873
186
500
1664
508
1360
903
255
1731
869
197
293
858
1334
358
477
617
949
171
131
1200
217
1127
914
699
954
9
449
1195
1524
273
486
273
1628
357
98
242
386
658
250
569
953
368
469
381
798
1423
2810
1645
1138
1542
185
377
1239
320
124
79
431
1198
228
320
52
909
408
2811
953
1421
508
67
860
45
3021
902
356
817
639
1013
471
739
150
504
103
944
462
153
309
471
14
1374
2227
527
1092
1004
32
195
1177
291
1569
663
320
320
461
1108
78
152
629
2341
1368
258
639
481
2584
310
107
250
1385
876
1898
813
1585
193
3444
219
95
273
996
3624
534
376
2442
164
189
776
92
201
632
446
834
1161
2863
904
186
190
1316
25
1301
136
941
495
1051
15
919
482
520
580
2561
2055
207
1387
195
966
242
252
104
321
1761
343
774
31
16
2792
1099
302
184
93
413
36
3826
269
1333
154
698
2218
815
1465
1031
1147
574
506
848
558
40
368
1281
1235
138
1144
1317
1038
89
1379
2659
897
210
345
766
507
289
45
724
1006
397
1410
1375
279
389
820
342
408
773
767
1353
424
3531
1544
1300
528
872
1194
115
1135
274
1688
2538
136
2627
498
409
288
280
1083
2308
1018
1663
855
462
996
33
1009
923
1373
397
70
1304
2781
1283
6
80
766
1035
16
595
63
2207
589
627
1520
760
1599
212
243
2480
166
2503
142
1312
366
152
593
767
1260
744
111
462
705
224
1962
1405
265
1236
1919
1603
1906
1969
440
501
657
1321
1
279
325
46
1187
737
1350
339
711
258
681
6
694
996
928
546
165
298
156
1634
74
890
42
327
84
873
284
1713
1355
1111
1854
258
781
128
781
361
1410
562
1034
84
1081
1078
474
384
886
482
111
993
2308
610
128
1373
746
650
2084
92
19
107
469
273
257
390
2585
1558
52
111
667
315
940
238
4192
671
588
696
586
1457
2395
1298
140
714
522
2659
212
444
187
243
3438
546
1590
686
2078
971
471
947
1055
1206
2203
7
89
278
323
1269
45
1009
1117
907
492
786
54
25
108
1225
3893
721
358
582
35
1677
429
389
221
63
360
809
2019
1642
251
393
775
563
3847
133
2933
208
562
359
160
2982
4522
57
166
2565
718
726
2036
208
1603
2495
927
1528
705
26
2207
232
489
229
1265
300
1192
2762
551
496
3391
123
940
501
524
437
154
124
2184
128
940
128
589
42
183
193
1585
701
659
23
299
176
68
1794
1480
2921
1052
626
64
463
2697
473
390
101
1874
99
411
54
129
749
791
12
1623
1062
119
657
437
295
1593
173
1434
770
773
150
566
700
93
2015
653
844
5625
415
135
229
1873
1967
1561
1825
486
131
2056
136
1735
1288
639
799
2263
919
138
964
358
90
282
379
452
134
1039
464
74
438
1549
1534
570
106
24
454
2686
261
830
220
609
174
184
189
287
56
1390
239
220
975
718
1402
952
1240
742
745
66
1989
958
840
1727
733
579
1372
1785
163
1333
975
547
311
440
109
706
679
1314
446
705
2531
561
191
1191
1553
314
595
932
506
398
122
163
531
1388
676
117
2125
1368
1532
408
2201
1321
722
153
1212
613
4573
252
1866
82
605
1312
1344
113
449
1148
635
1605
1118
138
1502
1426
1751
933
161
2475
1278
1512
554
143
463
1230
1442
509
433
55
982
1666
280
1047
555
427
88
639
206
835
5561
707
179
204
2317
627
1964
94
1754
3280
686
2877
90
1451
2995
1945
3384
572
377
433
429
185
152
601
488
549
117
565
326
2463
368
567
1917
417
38
370
120
402
14
525
727
938
1998
270
31
2295
158
642
1871
251
1708
1033
147
299
298
1409
1120
18
973
1669
746
469
1710
530
123
134
18
371
19
217
1283
1973
17
605
738
580
627
411
112
8
565
74
618
52
189
544
2548
2331
10
1281
275
172
554
273
261
113
1546
8
324
1163
1641
71
102
110
409
629
179
393
194
2550
520
456
663
1819
324
26
309
1246
2597
275
180
638
93
138
529
1080
218
2236
1313
2007
970
335
455
1586
1244
527
2942
2305
579
915
1037
4281
203
650
2388
