1252
347
24
557
572
219
257
509
1146
72
367
1456
577
193
227
123
160
12
144
26
517
552
59
278
891
18
81
62
57
276
71
677
790
574
420
301
36
364
326
376
708
999
488
1306
994
191
936
85
14
386
223
225
86
191
788
17
653
314
2436
1831
90
447
391
485
907
923
55
528
854
28
277
1327
844
417
469
26
873
352
656
730
57
34
726
351
638
9
449
1195
1008
56
242
235
969
378
21
428
611
780
39
446
431
140
350
251
67
127
181
470
224
226
45
2562
356
924
1203
361
93
739
150
1145
1531
527
1092
507
291
29
15
789
412
135
971
78
152
25
267
348
803
1
230
58
271
1228
1254
635
484
952
494
50
1987
158
434
474
1329
317
407
152
233
449
399
1675
120
113
252
250
10
870
6
443
4
184
906
91
123
206
205
80
340
1037
86
462
216
771
275
68
227
376
24
1306
821
7
406
473
91
424
131
1728
58
802
1194
246
170
72
472
755
3
154
307
179
409
48
16
753
1790
7
228
352
760
1536
166
329
1353
294
462
122
46
61
667
265
1236
147
1296
144
787
707
165
1243
1
298
42
128
595
653
284
86
1747
256
111
870
610
615
2
333
1012
273
1290
1326
333
242
402
212
592
445
83
141
45
217
376
393
552
397
429
251
200
562
305
510
427
616
51
26
301
489
51
350
44
456
128
157
39
878
1286
1138
916
839
81
135
421
547
18
1848
702
340
1378
464
56
93
61
520
454
73
227
174
213
612
31
402
389
214
421
162
926
96
405
965
3
764
355
408
209
709
299
921
927
1634
252
725
286
140
113
449
595
2002
1036
933
161
332
274
1227
1106
532
126
1666
196
322
75
3100
772
161
1135
22
1023
371
479
478
416
143
265
817
703
231
588
211
128
2083
85
214
426
302
201
565
1998
601
42
395
1299
73
549
8
314
719
63
153
1065
939
1466
113
1125
215
339
378
182
7
257
1386
29
243
663
314
18
1236
1849
638
83
29
123
671
416
299
915
1500
203
