1310
116
769
2454
37
27
534
17
169
723
1502
540
880
286
12
83
228
833
1828
557
1802
268
462
202
1450
3333
1364
227
257
895
2133
384
199
8
611
278
405
961
1291
320
838
301
1991
16
313
169
279
63
420
425
690
123
59
278
891
18
156
2765
57
1580
154
82
2116
215
71
480
254
1
791
249
177
221
1767
329
130
24
1039
708
348
210
304
1171
586
1248
949
952
1860
586
650
256
17
964
162
85
626
448
1408
386
87
77
233
2673
1352
218
829
2014
693
912
484
525
249
832
528
1644
167
2791
123
275
541
145
2849
761
2228
496
447
125
176
256
485
341
106
528
181
1462
311
950
1509
397
28
277
336
1118
282
229
1534
1477
1616
469
1295
62
277
101
1873
508
903
1731
811
197
293
1211
168
617
131
726
351
954
9
449
1195
1524
35
98
242
636
658
1853
394
1679
1460
862
307
1489
331
3515
985
60
1473
780
29
377
1239
764
127
584
37
124
79
431
63
350
251
119
437
377
602
663
1421
152
451
45
3021
265
1113
2200
952
614
642
471
739
150
284
128
1145
1939
726
527
1092
507
291
29
157
663
62
846
245
1196
741
78
152
509
2341
862
258
481
2385
948
1
230
1576
289
754
543
571
362
1585
888
3444
469
4394
635
103
81
1227
1081
376
2442
494
50
1987
92
201
253
419
512
834
1161
2725
2630
152
169
40
388
1317
233
276
941
328
225
1988
342
580
1424
854
495
710
1242
120
252
321
892
740
611
743
151
748
1798
31
1042
1058
121
184
906
91
36
32
269
1333
154
698
317
2261
340
1147
519
556
558
215
368
1281
2785
809
751
138
1060
1038
89
781
897
210
345
766
507
45
1068
392
375
279
209
773
1313
91
424
621
585
1732
58
872
1194
246
1135
784
274
38
1688
72
2538
136
2627
498
154
1231
117
161
1922
783
33
709
70
145
402
1323
503
950
116
1520
760
1599
2
1401
818
238
145
16
734
1324
560
383
462
97
35
122
46
752
1236
1041
58
945
246
1354
780
918
123
857
1247
2076
298
2155
203
284
1222
778
936
1854
653
284
86
196
1349
1731
1410
378
476
84
807
43
557
343
6
870
79
650
2084
385
677
516
1087
112
978
390
439
2585
2091
1233
667
1367
238
3203
476
252
219
1286
409
212
3070
347
221
1638
798
471
947
1055
551
1186
323
1269
45
795
1225
140
721
393
751
114
1463
582
1677
429
389
221
429
2119
226
200
66
1936
2022
208
562
359
160
544
1130
596
92
1675
1077
3085
1095
108
166
105
1881
2495
149
26
301
505
1041
232
489
296
1265
300
489
456
1017
641
960
123
940
1189
454
1247
189
27
120
176
2588
406
137
64
463
14
339
947
1118
110
592
99
749
1119
843
1699
26
1836
409
173
1206
134
598
897
770
773
135
676
741
2015
771
644
930
399
1776
1561
57
1735
1288
639
151
2364
2263
702
138
1039
464
74
438
930
464
61
520
454
1976
213
227
174
724
1533
1390
165
334
287
661
952
1240
742
504
371
1062
1689
958
248
833
576
163
3347
444
547
585
1128
139
2730
706
679
1314
79
1631
2531
337
191
811
900
15
418
122
163
325
1620
355
117
992
936
237
2137
223
923
642
153
49
953
2047
1265
1634
252
605
1312
635
165
397
236
2327
1106
933
161
1528
1512
554
143
463
1230
1442
404
1074
326
371
55
1666
237
1047
1008
14
196
5
45
639
75
529
206
835
5561
106
204
689
1135
62
820
554
686
1133
90
1451
2995
928
670
1945
562
231
805
572
462
3083
210
1532
73
117
565
326
1672
250
285
1112
201
232
417
38
465
389
190
120
525
938
1378
1284
600
127
622
601
1
147
42
395
318
299
1669
99
530
727
18
19
217
971
1477
627
411
1281
375
1063
74
58
232
1094
810
275
339
70
172
28
234
273
261
311
260
130
765
1125
1163
1217
71
102
2072
1029
629
179
393
707
2550
1823
520
175
663
454
56
38
314
117
583
274
266
730
1246
2597
74
1109
529
388
1382
218
906
1313
1586
1244
761
75
416
1504
203
2388
