1252
347
24
268
561
257
314
131
160
4
26
399
56
59
278
81
11
470
233
232
301
88
326
653
789
1204
247
2
386
223
130
232
1287
967
391
907
857
528
198
79
350
242
325
9
449
444
40
1008
558
1058
378
21
30
39
315
190
446
269
16
321
189
325
419
150
1531
527
1092
507
789
198
78
111
230
886
216
1131
466
608
158
434
474
1066
407
152
62
342
1352
120
113
252
1351
665
184
906
91
340
1037
350
227
269
376
507
424
1472
1254
41
3
409
117
883
71
25
268
122
46
61
667
265
311
147
483
298
144
564
93
165
1065
97
176
301
578
390
909
52
111
333
210
221
1009
552
397
959
75
136
51
456
128
157
129
18
123
574
702
607
198
457
56
93
61
520
454
370
1035
168
4
158
121
6
383
3
764
209
709
288
337
780
252
173
366
286
434
128
488
161
332
459
1074
1018
24
191
75
239
161
22
371
143
265
532
131
1701
210
296
89
46
735
187
493
1024
73
501
409
314
113
40
357
431
243
663
117
583
274
254
697
1849
638
29
123
203
