1310
116
921
6413
1968
2164
921
592
1119
3342
2171
1841
299
746
2900
1502
2032
1788
2933
2509
310
1862
2722
770
664
7778
802
2356
427
567
3032
3097
1193
375
2737
511
2311
248
143
82
2413
1131
3891
2472
679
1154
896
552
595
2956
1869
3023
334
737
3709
1092
2308
3185
273
5233
313
2173
1542
584
1421
31
777
2144
1130
777
392
674
1694
4810
1608
90
1286
2456
1188
1288
28
5325
2108
610
1057
6965
59
2249
1619
3330
649
2942
1846
149
656
6741
677
1677
503
268
1839
518
913
7541
1026
791
1024
4600
2945
2057
1261
384
1204
1479
1058
188
487
542
1859
22
2769
1039
64
2230
1730
150
198
118
1771
1680
1663
543
1646
758
891
513
2412
2137
4063
351
1700
132
5413
3705
184
1044
1299
605
863
3552
418
3535
2238
1068
2143
2402
1641
4154
1429
477
2314
796
607
287
3470
864
5956
75
2673
2613
205
1133
581
2037
2695
153
1422
2821
619
961
421
445
528
2622
2914
3257
4028
1020
3381
1111
1871
2009
2228
252
496
447
2492
265
831
1908
2007
923
3339
2046
3606
923
1689
1186
1270
2459
311
1300
336
974
866
83
1403
518
2106
1163
2834
609
1781
3879
4626
3151
836
1161
2275
201
4144
1582
196
85
2218
9
2209
156
1071
3585
1310
197
293
3576
771
396
771
2119
477
1003
1842
288
8591
949
370
131
34
1921
485
1070
1031
1127
1587
902
4447
1038
1030
1524
65
423
4188
1204
2066
2196
844
280
533
3513
433
3455
4953
1112
8019
5558
2349
58
192
1393
38
1852
1871
831
1983
3952
1084
199
317
653
584
2651
1004
351
1053
372
267
1335
32
1322
497
785
368
1418
105
640
426
2985
1127
586
420
1197
2102
546
2707
499
1515
2716
1061
1667
45
1144
456
856
87
936
981
756
1823
2242
4697
1544
3028
566
37
2239
1523
97
33
618
1189
5287
309
216
2327
1299
544
5691
936
58
913
1409
596
1365
1137
812
1715
663
1045
893
565
3797
156
1664
152
1132
4036
2230
917
658
3091
43
1117
4276
8273
232
3867
1289
3298
60
71
141
4825
4593
469
2413
173
5779
7
1219
510
996
6063
580
5965
7211
1136
299
1704
291
777
695
232
524
2683
1041
50
1987
145
2859
4056
1393
2986
135
2265
83
156
1385
1096
721
1161
2863
386
3927
1305
1259
5083
862
3285
662
3401
534
719
792
1042
674
269
1301
2744
1139
1304
1956
216
225
710
68
3859
1535
1394
2452
1176
136
2958
1569
631
4
1105
870
207
573
3195
2087
1058
236
443
1888
1868
735
126
252
1917
5207
701
1489
1763
1994
1736
2162
1730
574
1694
151
3198
402
6035
1028
2634
363
43
431
1967
6
809
2781
75
1572
906
2218
2218
4163
951
39
735
470
2987
773
1651
5521
3633
1094
1189
1038
777
861
3488
766
2532
3306
461
218
2448
3221
295
1529
45
1189
213
1410
4623
1686
809
279
889
656
2131
661
535
4435
973
2491
9122
316
1332
872
2662
3781
8
4091
8449
1362
498
573
1054
406
1784
4228
2308
1273
436
999
846
1956
1020
1782
1343
2514
2056
1141
448
5468
48
3182
5724
966
532
1283
6308
1349
698
1087
2311
384
1400
1436
1811
2207
589
543
48
4716
318
960
3761
681
36
5806
544
2603
350
111
1224
2855
5417
32
2733
3012
478
194
2754
298
6285
4003
2321
1256
4468
545
1066
2041
4710
1781
1426
1958
705
1263
51
1007
219
4109
3652
602
2096
339
1124
259
6
1734
1998
2758
3620
718
162
90
355
632
84
3449
1713
1355
1111
2882
1652
2093
653
284
2603
86
305
180
194
2346
5231
3260
365
1077
1863
1410
2744
520
4110
280
193
5086
260
1005
3596
134
351
482
2749
2
2308
184
1142
4133
321
615
3748
92
1627
1033
331
1269
630
830
866
2648
845
2717
516
1011
226
1770
112
1633
390
3673
4810
1490
4615
2204
5353
1887
1931
238
783
1178
2811
138
1514
671
4567
219
352
3282
195
1543
723
1298
451
909
1263
500
952
2800
5113
1150
2759
6222
546
727
4373
41
1427
1638
727
2668
971
1383
1181
1267
81
2063
3227
696
364
1908
323
1269
1060
200
3515
1231
112
692
953
2939
134
1438
2305
6107
1003
3147
52
80
5177
237
6482
3076
94
569
2025
221
2335
541
322
3314
1508
2558
82
283
5992
251
628
2341
393
548
1168
1444
775
1730
215
422
2978
1245
2214
1247
101
562
536
33
715
2460
591
416
103
2172
1675
4573
4522
1095
349
3056
105
1696
726
3478
208
2395
4762
5384
56
312
1479
933
238
1117
46
26
157
5034
3664
4335
2762
2345
1653
1002
962
583
3837
123
940
3610
1567
44
3353
1386
2218
978
746
102
2134
482
393
830
2347
1077
2466
1747
216
182
207
418
211
1561
350
2372
1655
2034
2292
1239
1098
32
966
2251
194
1770
2697
473
6515
99
1698
1169
117
1344
4061
2330
1119
742
1110
2484
119
413
109
643
437
2611
641
6293
543
2537
820
2601
1293
953
2038
415
88
221
120
1800
1014
59
561
152
4493
131
2056
1121
645
212
675
1097
514
2753
3212
1785
138
964
1775
302
379
452
913
578
2049
461
3029
609
1887
2172
1528
990
3545
497
1466
520
3351
624
3448
831
1766
123
2054
3534
174
184
189
250
1780
1598
5303
878
1746
535
413
53
157
557
87
4774
882
1292
5153
1659
60
164
4804
958
1130
264
733
2443
1897
1785
836
261
5633
1402
2372
407
1128
4896
2216
3310
161
1149
2997
145
5089
1541
289
191
1282
506
89
2292
4040
163
586
306
2745
1439
3396
1151
2256
2170
3111
1561
2564
5900
1860
1571
6591
2986
837
924
165
6281
1237
2898
3037
3608
669
1087
3290
2399
1832
281
933
295
88
470
146
463
234
1134
501
404
4163
5119
1806
788
1673
2496
2205
673
8648
5583
424
5712
1720
4195
851
758
2320
2172
723
809
271
1106
267
686
5426
308
1210
1710
1634
1800
208
886
2672
1563
728
3452
2073
377
1388
88
429
252
261
635
601
488
549
995
1260
626
368
6373
558
256
502
5695
1552
465
402
14
525
681
565
938
1998
2271
2109
1464
1839
1214
186
4343
1380
2799
6348
251
1456
2040
745
508
3597
502
3172
523
9091
6402
3076
349
549
1655
109
2444
518
9
544
1281
1669
499
3026
746
2417
530
304
1491
158
305
1686
27
600
4844
3355
30
1249
713
2356
1833
1032
430
38
441
3023
112
3273
390
2255
5113
755
1524
2047
95
257
630
212
1568
538
3521
983
544
1596
4558
1523
10
2179
2685
932
1048
420
1036
6129
1546
1435
8
1990
2524
296
2543
2185
1696
2513
2804
1729
61
1258
3283
1337
4880
616
119
1194
2835
1263
1432
603
314
1121
1328
2670
474
292
649
1167
1246
113
256
2779
1255
325
1872
1382
721
2236
1313
448
2006
4262
2576
3123
1489
3938
166
3412
540
2958
355
370
4138
5429
2823
